-7.885657352005911 -3.1375997394933997
-6.47204791397802 4.799013389706333
-6.6201984630527875 2.0533139128545095
-6.384789367365615 -7.698004115549453
5.119729348015284 -3.64321084989544
-6.831309909034807 7.132851205781908
-1.033456082770357 3.0888970828186277
-5.010101609392415 -9.126499519547476
-6.480030834085351 -2.117629347640035
-8.706499515496567 -6.415974222544804
5.594573192019054 2.9589812386561185
-5.096543731916911 6.786497157576168
0.7887864088691732 -3.2499698353005986
6.3293498965609345 4.990917775901018
-1.9352068130675049 -8.551933264924976
-1.0939849113104572 -1.4492519363157248
-0.3511126716802 -1.0616009680289746
0.5279466761513678 4.075428237401082
-6.781370154144552 6.165566691953794
6.937493031846216 3.5557265204729465
0.15364861994387802 2.9086946282273747
-6.34513832314024 5.23795589111163
-0.13598729130321274 5.1927399491732835
-5.712191411968934 0.5249148368186347
-7.645410800985304 -8.20934168824251
-7.155619634352735 -3.5113669113447656
-5.581164782812203 9.022725339733473
-0.16763069835051603 8.081619907756302
-7.275938718790247 -1.4872820621670266
6.520901881210731 1.5652753621091904
-0.8118587407715889 2.7372862633752444
0.3809620048963147 -2.059027107538661
6.084677549452998 -9.138700324334483
5.828449996786334 6.439497772021237
5.241132563989234 -4.168857262526741
0.8625251260793441 5.42941987964103
7.847859700583125 -5.136643255609481
0.46535949729606507 -8.941165289073897
-0.04831458298594882 -1.6779959785142857
-4.283785122159104 7.298070175932718
-5.232702465891734 -7.804244051740841
6.739467360724273 8.135731660905769
1.4194316585046014 6.899022760542888
0.24213104672689845 7.6088508823841465
4.899897426138466 8.723384963843763
-7.603469544928733 -3.4310131100829526
1.311726144712722 2.2316949945833855
-5.095634879559659 2.5413911396663718
-7.046339576093561 6.8676566715562615
0.5512992909124996 5.758065243462832
-2.261129047757519 -8.103137412775531
-6.754623336633513 -6.255692210267073
5.863204437596856 -4.977829183294408
-7.195534062043647 -1.1324071171694552
5.032314894459169 5.739579601295514
-6.9252493433620925 5.8239930822237795
-6.1515808231967615 -9.341272009489185
4.638263517522525 -8.384207135044127
5.605365297922958 -8.86078465580816
-6.134145330209398 -1.5624667876116245
5.726542454603214 6.455248805332898
7.952420786011029 -2.4569083220576458
4.863710241210079 3.310756320302355
6.203586608732396 -2.812259577994409
0.18056125367655618 -2.1236802539099955
-8.068713355564032 -8.187782422217538
-5.3657367585604065 -5.526739001060918
-5.16667958089603 -1.3214449759443418
-2.1175102641105035 -6.841848464202771
-6.223492485856563 -2.5891737471378065
0.5274606483938697 -3.5902279717985532
-6.308154139885691 -3.7674259635544365
1.6386523568351095 9.35184273316959
-6.600435435276518 1.209255499991011
-6.012412666909006 -3.239006661997709
5.10593906792233 0.24445856118162723
-6.221965371485336 7.425563133780468
-2.4437958736159144 5.39214179577538
-4.687121573966738 -2.0379758963572705
-1.5528510183849615 7.548664123362268
0.7450954585422789 -2.6391087881283566
-2.3824642908982003 -0.8980351923490417
0.34825328833436586 5.937535105739588
6.632739224956023 3.639543978087854
0.21163906466791005 2.9945414567389665
7.874997856506628 9.273650028837974
-6.889507688916892 -6.831521630867467
6.504613409116022 -2.301185178091103
1.8834314582918115 3.1573669974001035
-6.949845424426225 -3.5496827502658546
-8.03335414904242 1.2212155423176174
-6.5951762520031165 -5.533438144958996
-1.5215318198040775 3.043858979921204
1.4533006332402216 4.45633106886288
-4.237243159793127 -8.215061384717814
-6.139696506671828 9.361244798512445
-6.013411031739919 3.664530187180045
5.534737364506242 -1.4327370697775645
-4.233579729226381 -5.3709571403742675
7.504370602312719 2.771585316731887
