3.5298
3.3442
3.0655
3.1966
3.7084
3.0382
3.3413
2.9568
3.0023
3.3358
3.0410
3.1344
2.9913
3.2711
3.1765
2.8510
3.0661
2.4764
3.7129
3.0338
3.2525
3.0897
3.0217
3.0075
3.0635
3.1336
2.6630
2.8722
2.8205
3.0024
2.8088
3.0429
3.3033
3.1477
3.2254
3.0427
3.0370
2.9320
3.0884
3.1842
3.1480
3.5579
3.9599
3.1360
2.9306
3.5916
3.0876
3.0422
3.2345
3.1415
2.9176
2.7913
3.0009
3.2599
3.1402
3.5463
3.3555
3.2733
3.0295
2.8064
3.2575
3.6430
3.5516
3.2364
3.2255
2.8888
3.5016
2.9441
3.0797
3.1134
2.9424
3.1328
3.1098
3.2782
3.1899
3.0772
2.1806
3.2826
3.6183
3.3186
3.4309
3.0289
3.4066
3.2505
2.9419
3.8021
2.9054
3.4785
2.7197
3.1444
3.0969
3.0098
2.7078
2.9047
2.5862
3.1242
3.0999
2.5228
3.2202
3.0094
3.0706
3.2213
3.6110
2.7741
3.2627
3.1368
3.2663
3.3548
3.4902
2.9075
2.9078
2.9025
2.9550
3.1170
3.3355
3.2797
3.2653
3.0745
3.2543
2.5594
3.2729
3.0132
2.7172
3.1871
2.9500
3.2153
3.0550
3.0616
3.6748
3.2183
3.0282
3.0209
2.9187
2.9681
3.6815
2.6450
2.9107
3.1861
3.0749
3.2338
2.9761
2.8032
3.6200
3.3886
3.2010
3.1901
2.7987
3.2013
3.4102
2.6696
2.7537
3.2829
2.7462
3.1714
3.1789
3.1379
3.1688
3.0758
3.1355
3.0593
3.3248
3.5350
3.1991
3.2967
3.0173
2.7891
3.3574
3.2695
2.7101
3.2193
2.7457
3.3978
2.7623
3.0461
3.2241
3.2297
3.2955
3.1323
3.0531
3.4097
3.0205
2.9951
3.6710
3.2085
2.9600
3.1304
3.2486
3.2692
3.0251
2.7839
2.9674
2.9734
3.2775
3.5856
3.0895
3.4998
3.0757
3.8020
2.8960
2.9227
3.2609
3.3951
3.0246
3.1959
2.8765
3.6287
3.3923
2.7876
3.0742
3.1010
3.7915
3.0270
3.3094
3.4328
3.4750
3.0768
3.6009
3.0843
3.7022
3.9596
2.9221
2.9812
2.7009
2.7519
3.3183
2.9377
2.8079
3.2820
3.5421
3.3219
2.9650
3.1135
3.1759
2.6765
3.1935
3.1141
2.8851
2.6811
3.1424
3.2496
3.1338
3.2477
3.4448
3.0551
3.1700
2.7264
2.9305
3.2665
2.6116
3.4216
3.2871
3.4989
2.9078
2.7779
3.0556
3.5366
3.2008
2.7024
3.0760
2.9092
3.3494
3.0404
3.3518
3.4581
3.1396
3.3309
3.0837
3.1424
3.3765
3.0637
3.5320
3.2168
3.0819
2.9644
3.2778
2.9544
3.2055
3.2976
3.0626
3.4800
2.7291
2.6116
3.5277
3.1903
3.8034
2.9651
3.4011
3.0176
3.1005
3.0205
3.0982
3.0989
2.8011
3.6755
3.1200
3.1108
3.3592
2.7933
3.4396
3.5424
3.6706
3.0903
3.3169
3.5258
3.2945
3.2390
3.3990
2.9117
2.9704
2.9637
3.3001
3.3361
3.2041
2.2774
2.8381
3.3389
3.0229
3.1703
3.0816
3.2473
3.4899
2.7874
3.0371
3.7745
3.0951
2.9614
3.2914
3.4702
2.9833
3.2951
3.3889
2.8257
2.7509
3.0066
3.0069
3.1086
2.9675
2.9476
3.4376
3.8314
3.0371
3.2483
3.0971
2.7029
3.1623
3.1515
2.9186
3.3360
3.5948
3.3886
2.9943
2.7414
3.1290
3.2772
3.3838
2.9375
2.6565
2.9190
2.7920
3.5145
2.7791
3.0741
3.2252
2.9514
3.1528
3.2530
3.1179
3.5872
3.2153
3.6636
2.8873
3.3800
3.4018
2.9494
3.2268
3.0753
2.9240
3.1257
2.9983
2.9943
3.3752
3.2212
2.8449
3.0319
3.1989
3.1824
3.3857
3.1479
3.0653
3.3998
3.2347
3.1446
3.1675
3.2696
3.2938
3.3687
2.6666
3.3877
3.3850
2.8378
3.1142
2.9793
2.6897
3.1212
2.6511
2.4423
3.3139
2.6447
2.7924
3.2433
3.3293
3.0024
3.0609
2.6760
3.1116
2.8604
2.7208
3.0085
2.9548
2.9784
3.0356
2.7659
3.2574
3.4649
2.8764
3.2686
2.8521
3.5056
3.0576
3.4835
3.0336
3.4540
3.4726
3.1173
3.6765
2.8507
3.1179
3.2899
3.1205
3.3640
2.9036
2.9868
3.0347
3.4024
3.7627
3.3237
2.9563
3.6738
3.0617
3.3388
3.1516
3.5606
3.3230
3.2942
3.1413
3.3124
3.1101
2.8282
3.3603
3.5928
3.1083
3.4175
3.0233
3.1103
3.2291
3.5648
3.4047
3.0798
3.1966
3.2977
3.3626
3.2612
2.6956
3.1349
2.4802
3.2073
2.9141
2.9518
3.0446
3.2554
3.4525
2.7471
3.0013
3.4363
2.8470
2.7176
2.8841
2.9663
3.2180
3.0961
2.9250
3.2570
2.8067
3.0907
3.3829
3.3915
3.5303
3.2195
2.7966
2.5970
