0.5595
0.6052
0.1685
0.9160
0.5289
0.6302
0.4482
2.5829
1.3509
0.4804
0.2521
0.3466
1.9715
0.3513
3.9037
1.2895
1.0308
0.6600
0.5868
1.0384
0.1903
0.3510
1.3390
1.7169
0.2069
0.9425
0.2263
0.7292
0.1870
0.5232
0.7428
0.1688
1.7238
0.6151
0.2819
0.3145
0.4615
0.4963
0.7477
1.1238
0.5520
0.3797
0.2107
0.5341
0.4080
0.9865
0.6131
0.1175
1.0606
0.1576
3.1030
0.9095
1.3369
0.4113
0.1436
0.3002
0.9699
0.9938
0.2363
0.7046
0.5632
0.4512
1.7562
0.3904
0.5411
0.7946
0.3975
0.3105
1.2133
0.1370
0.6792
0.3985
0.4598
0.5735
2.1086
0.7675
0.5092
0.3091
1.5457
1.5327
0.1612
1.2424
0.2417
0.3936
0.5742
0.3035
0.5462
0.5862
1.1185
0.3388
0.2163
0.7144
0.2580
0.8587
0.4183
0.2352
1.6211
0.3290
0.5699
0.1955
0.1010
0.9615
0.6041
0.3975
1.1408
1.1380
0.3023
0.2950
0.1334
0.1835
1.5837
0.7737
0.2659
0.1320
1.3105
0.9046
1.7820
0.6583
0.5709
0.1446
1.2671
1.0049
0.0884
0.1894
0.6605
1.9649
0.3450
0.5367
0.2632
0.6726
0.7722
0.3595
0.5118
0.1421
0.9070
1.4177
0.3317
1.8939
1.8202
0.1727
0.1401
1.0524
1.6627
0.9511
0.6172
1.3096
0.7592
0.0461
0.9172
1.8075
0.6289
0.5862
1.0244
0.4079
1.4450
0.5265
0.4457
0.4545
0.1129
1.9299
0.4594
0.9489
0.1380
0.3680
0.3144
1.3804
0.7722
0.5383
0.6556
0.5550
0.0912
0.3940
0.3574
0.1074
0.3920
0.6896
0.7244
0.6130
0.2812
0.3856
1.0842
0.2950
0.8283
0.0761
0.5477
0.1854
0.5713
0.1694
0.2735
0.4291
0.2312
0.1397
2.1051
0.5032
1.3056
0.3781
0.7384
0.5132
1.7336
0.1194
0.2694
0.3381
0.4747
1.1997
1.2481
0.2613
0.3759
0.8668
0.0886
1.3865
2.1327
1.4035
0.7223
0.4159
1.3795
2.6252
3.1402
0.5657
0.8362
0.2084
1.0074
0.1906
1.5705
0.3710
0.7794
0.4837
0.9001
0.5546
1.6826
0.4903
0.1348
0.2517
0.2834
0.6146
1.3142
0.1294
0.1519
0.3522
0.2194
0.3716
0.8513
0.4368
0.2900
0.4944
0.3316
0.7205
0.2425
0.7367
0.3091
1.1406
0.1182
0.7346
0.3133
0.3835
0.9343
0.0821
0.4335
0.2335
0.5216
1.5490
0.2901
0.2360
0.5872
1.4498
1.1431
1.4994
0.7267
0.0715
0.7168
1.0333
1.5199
0.3222
0.4152
0.4461
0.2157
0.1778
0.6925
0.9562
0.3504
2.1426
0.7092
0.1613
0.3689
0.4349
0.1190
0.5418
0.4629
0.4478
0.6479
0.2187
0.2543
0.8097
2.0102
0.1963
0.2641
0.5332
0.1513
0.1790
0.0932
0.4031
0.9386
0.8484
1.4446
1.4369
0.7373
0.9282
1.5863
0.5812
1.1253
0.5514
0.3615
0.3517
1.2224
0.4773
0.1891
0.0907
1.2221
0.2840
1.3505
0.8767
0.1627
0.3448
0.3079
0.3048
0.3072
0.6108
0.2823
1.2847
0.3042
1.2404
0.0532
0.1455
0.7218
0.4821
0.3309
0.4920
0.8607
0.4144
0.4856
0.4283
0.7714
0.3151
0.1963
0.1690
0.0712
1.3853
2.2535
0.1933
2.2949
0.6226
0.8295
0.2413
0.5146
1.4080
0.7055
1.5124
1.5016
0.3772
0.1468
0.4645
0.6302
1.5030
0.3005
0.1327
0.2752
0.6250
0.1577
1.0822
1.0247
0.6194
2.2758
0.3521
0.4867
0.2764
0.3984
0.2947
0.8724
0.6423
0.0894
0.4852
0.2785
0.9799
0.4597
0.9242
0.1171
0.3645
0.4758
0.5131
0.6067
0.6994
0.9100
0.1516
0.6914
0.1827
0.3650
2.2041
0.2581
0.8969
0.3338
0.3795
1.9796
0.8341
1.2508
0.8003
0.2482
1.4305
1.1035
0.3948
0.6924
2.8413
0.4830
0.3319
0.2665
0.4754
0.2191
0.4681
0.6045
0.1373
1.7264
0.1969
0.2676
0.2977
0.8601
0.5114
0.6625
0.7340
0.1411
0.5483
0.2724
0.4560
0.8637
0.2010
0.8967
0.2424
0.0625
0.5256
0.1464
0.8880
0.1880
0.1384
0.8405
0.1289
0.2928
0.3092
0.2757
0.3380
0.3198
0.8278
0.8293
0.4264
0.6959
0.6036
0.1038
0.8431
1.2747
0.3249
0.2701
0.3828
0.0782
