2.6560
2.8888
2.8835
3.2509
3.5194
3.1380
3.0894
3.1766
3.4981
3.0684
3.1075
3.0459
3.6045
3.2980
3.2041
3.3088
3.2273
2.9392
3.0074
3.3053
3.2003
3.2841
3.1211
3.1368
3.3573
3.4101
3.2833
2.7137
3.2995
2.9940
3.4784
3.3183
3.1686
4.0477
3.3981
3.2519
3.4666
2.8731
3.1793
2.9401
3.3304
3.5903
3.4306
2.9812
3.0592
3.0141
3.5566
3.0308
3.0298
3.4775
3.6205
3.3387
3.1122
2.9075
3.1539
2.7744
3.2330
3.6682
2.6875
3.4164
3.1590
3.1910
3.6100
2.9724
3.1049
3.5978
2.9785
3.2114
3.0602
3.4036
3.0339
3.2365
3.4507
3.1335
2.8214
3.1750
3.2649
3.2271
3.0706
3.7650
3.3356
3.0487
3.3431
3.1172
3.3026
3.0098
3.3565
2.8206
3.1087
3.3335
3.1898
3.1294
3.0648
3.0875
3.3707
3.1466
3.1270
3.1740
3.2931
3.5208
3.2750
3.0229
3.4993
3.2677
3.1387
3.1107
3.1611
3.7749
3.0639
3.5339
3.2343
2.9745
3.1681
3.1291
3.7719
3.3677
3.5859
2.8285
3.5189
3.0289
3.1239
3.1519
2.6936
2.8472
2.7970
3.4362
3.4296
3.2000
3.2646
3.2317
3.2581
3.0475
3.4928
3.7867
3.0356
3.0133
3.3756
3.0079
3.1302
2.8590
3.1940
3.3512
3.3632
3.7687
2.9651
3.4212
3.3586
3.2406
2.9455
3.9742
3.4034
3.1323
2.9866
3.1066
3.4578
3.6304
3.2847
3.2762
3.3545
3.4537
3.1995
3.5678
3.5941
2.9504
3.4305
3.2240
2.7095
3.3119
3.3122
3.3523
3.4790
3.1505
2.8428
3.0037
3.2475
2.6902
3.1399
3.1694
3.2487
3.5237
2.9535
3.2804
3.5433
3.1931
3.2694
3.0852
3.0492
3.1902
3.1680
3.2861
2.9017
3.2123
3.0372
3.3609
3.4038
3.3137
3.2486
3.3732
3.2619
3.3772
3.2738
2.9646
3.3125
2.6690
3.3870
3.4380
3.6096
3.5056
3.7265
2.8319
2.8903
3.0307
3.4000
3.0624
2.8637
3.0807
3.0498
3.2340
3.1567
2.9677
3.1303
2.9209
3.0628
3.2252
3.6663
3.6451
3.3239
2.9247
3.6678
3.2776
3.2341
3.3540
2.9275
3.7556
2.9905
3.1719
3.0710
2.9720
3.1649
3.1923
3.1189
3.6454
3.0585
3.6778
3.3699
3.2760
3.0932
3.6440
3.2923
3.4429
3.0266
3.2291
3.2587
2.7176
2.9889
3.1205
3.4468
3.4628
3.2835
3.3830
3.0813
3.2329
3.3970
3.7771
3.2127
3.1927
3.3370
3.2701
3.1055
3.2021
3.0241
3.3376
3.0232
3.5721
3.4723
3.1430
3.0686
3.2730
3.4659
3.4344
3.0154
3.1794
3.4419
3.4098
3.1416
3.4466
2.9906
3.4482
3.6146
3.3368
3.0204
3.6501
3.2858
3.4317
3.2085
3.2982
2.8118
3.2377
3.2501
3.3523
3.1547
3.6342
3.4400
3.3776
3.1444
3.1183
2.6615
3.2220
3.6529
3.6705
2.8890
3.3002
3.7005
3.1228
3.3623
2.8177
3.1700
2.4237
2.8705
3.0780
3.4598
2.8420
3.4383
3.5519
3.4841
3.0004
3.4182
3.2138
2.9635
3.2700
3.0889
3.1953
3.2200
3.0681
3.2884
2.9174
3.2099
3.2920
3.2290
3.4609
3.3757
3.1849
3.0600
3.0124
3.4041
2.8508
3.1998
3.1406
3.2345
3.3521
3.0392
3.0408
2.8071
3.4468
3.8805
3.4407
3.6018
3.4483
3.3245
3.2945
3.3339
2.7054
3.3818
3.0798
3.2078
3.5200
3.2621
3.3741
3.5593
3.2904
3.6003
3.8994
3.3071
3.2166
3.6661
3.0519
3.6853
3.1756
3.0917
3.1476
3.2159
3.2912
3.0632
2.9033
3.5910
3.9119
2.6456
3.5407
3.2735
3.4824
3.4277
3.4793
3.6500
3.2737
3.5186
3.0278
3.5827
3.4724
2.9274
3.4796
3.6924
3.3804
3.5793
3.4509
2.6626
3.2470
3.0182
3.4764
3.5565
3.1183
3.2729
2.9374
3.1217
3.5998
3.1570
3.3457
3.3037
2.8630
2.7265
3.2039
3.2855
2.7071
3.1492
3.3043
2.8028
3.3442
3.6801
3.5956
3.5772
3.3897
2.8878
2.9982
3.4339
3.6142
3.8801
3.6046
3.4086
3.4168
3.3756
3.1773
3.8276
3.0047
2.9949
3.2307
3.2661
3.1160
3.0327
3.1288
3.7088
3.0308
3.1057
3.0675
2.7928
3.7047
3.3296
3.6155
3.5852
3.1825
3.1057
3.8710
2.9499
3.3151
3.4571
3.1197
3.4937
2.8752
3.1387
3.2076
3.0187
3.1093
3.0258
3.1543
3.4499
3.3074
2.9392
3.8224
3.4147
3.0935
3.2215
