2.6497
2.6672
2.2850
2.2190
2.4546
2.7273
2.6033
2.9296
2.5195
2.5369
2.8275
2.5742
2.5852
2.4769
2.6730
2.5967
2.8306
2.6588
2.3586
2.4147
1.9836
3.6145
2.6552
2.8058
3.2230
2.7366
2.9388
2.7708
2.7255
2.3551
2.4434
2.7261
2.5695
2.7185
2.7578
2.6862
2.8763
1.9146
3.1093
2.4814
2.9257
2.6550
2.9263
2.6236
2.0196
2.3927
2.2118
2.4027
2.5204
2.7714
2.6922
2.4317
2.3856
2.4390
3.4453
1.8199
2.9418
2.1136
2.8805
2.2416
2.1869
2.6636
2.9248
2.7471
2.0742
2.5669
3.3998
2.7171
2.4059
2.2029
2.6340
2.5885
2.3707
2.4238
2.8162
2.8786
2.7790
2.7984
2.9632
2.8937
2.5834
3.1285
2.5283
3.2190
3.0084
2.5712
3.1541
2.8367
1.8076
2.4762
2.8785
3.2439
3.1154
2.4674
2.6975
2.6347
2.4401
2.6666
2.2260
2.7454
2.4505
2.0153
3.5805
3.5951
3.1338
2.7528
2.7451
2.7972
2.9463
3.1413
2.3670
2.1062
3.1987
2.8239
2.5604
2.1481
2.7174
2.9229
2.5222
2.9816
2.9566
2.7410
2.1023
3.2306
2.5027
3.0284
3.3618
2.3841
2.2235
3.1158
2.7571
2.6625
2.3512
2.8428
2.4505
3.1164
2.8034
3.0225
2.9057
3.1497
2.2459
2.7661
2.0981
2.4903
1.9204
2.7808
2.5550
2.6848
2.4413
2.9512
2.6546
3.0442
2.3246
2.3243
2.9185
2.4766
2.5917
2.7505
2.9613
2.5307
2.8721
2.4876
2.9945
2.4716
2.8061
2.6468
3.2126
3.2939
2.8257
2.2873
3.1859
2.9695
2.9900
2.1698
2.5696
2.8831
1.9796
2.1043
2.4238
2.6400
2.3809
2.7151
2.5091
2.3633
2.5411
2.0886
2.5273
2.5801
2.3999
2.1782
3.1265
2.8077
2.3629
2.6804
2.8983
2.2669
2.5530
2.8086
2.3026
2.5074
2.6101
2.3110
2.5297
3.4107
2.5350
2.4528
2.9950
2.3245
2.6352
3.1313
2.7677
2.7547
2.6454
2.6823
2.7699
2.9311
2.6213
2.8087
2.7190
2.0097
2.4731
2.6621
2.4040
2.6423
2.3245
2.9913
2.3788
2.5876
2.2946
2.7606
3.5586
2.2840
2.1240
2.8160
2.7971
3.0870
2.3753
3.0028
3.5537
2.4748
3.0089
2.7832
2.2269
3.0946
3.4097
2.3702
2.3781
3.2314
3.0586
2.4167
2.6198
2.5412
2.0970
2.0537
2.5935
3.1484
2.3525
2.8334
2.3566
2.3671
2.5745
2.8700
2.9451
2.1719
2.4701
2.4860
2.9134
3.1914
2.8034
2.8452
2.6307
3.0586
2.4301
2.7410
2.8831
2.3871
2.4557
2.2452
2.6892
3.0663
3.0055
3.3387
2.5407
1.9423
2.7163
2.8734
2.8685
2.7220
3.7439
2.8822
2.1882
2.6408
2.3384
2.2902
2.8736
2.6850
2.7016
2.8344
2.3624
2.4498
2.4529
2.9506
2.5502
2.2676
3.0244
2.5776
2.0050
2.6932
2.9697
2.5035
2.8876
2.9454
3.2067
2.7421
2.6785
2.0418
2.6543
2.4780
2.5584
2.7274
2.9229
2.7349
2.7237
1.7215
2.3521
2.5380
2.5382
2.8455
2.2312
2.0681
2.4903
2.5260
2.4213
2.4093
2.5306
2.8093
2.2749
2.7384
2.6943
2.7616
2.7565
2.4721
2.5143
2.3465
2.2807
2.9980
2.2202
2.7698
2.5578
2.5937
2.2719
2.3370
3.1550
2.0259
2.4185
2.4016
2.8368
2.9968
2.7546
2.4333
2.4179
2.3377
2.6399
2.3697
3.1438
2.2616
2.4401
2.5652
2.3902
2.9029
2.6140
2.4521
2.4565
2.7436
2.5718
2.2405
2.4749
2.2053
2.8082
2.8111
2.6416
2.8295
2.5283
2.7326
2.5574
2.7735
2.7760
2.3001
2.2123
2.3135
2.4506
3.1460
3.0276
2.5942
2.7465
2.3856
2.1654
2.8807
2.4477
2.5385
2.4422
3.0438
3.0154
2.4440
2.6881
3.0231
2.4708
2.9455
2.9606
2.3611
3.1230
2.6004
2.5620
2.7370
2.1963
2.4828
3.1932
1.9903
3.0172
2.7047
2.2958
2.5830
2.6427
2.3865
3.0590
2.6949
2.9565
2.6986
2.6512
2.0962
2.4095
3.1695
3.5587
2.5282
2.8978
2.8092
2.5837
3.0502
2.7629
2.4081
3.0021
2.5806
2.6991
2.5674
2.8464
2.6513
2.8813
2.7533
2.2041
2.8390
2.1846
2.7091
2.3791
2.6906
1.8064
3.1281
2.5270
2.4871
3.0704
2.6391
2.8673
2.4211
2.3434
2.5074
2.6325
3.0107
3.0077
2.6757
3.1797
2.5629
2.5716
2.6251
3.0862
