3.5217
2.6656
3.3490
3.0067
2.7383
3.0810
3.2053
3.2168
2.8795
3.5477
3.0189
2.8308
3.0081
3.1195
2.7785
3.0936
3.1551
2.7273
2.9282
2.6921
3.2151
3.0952
2.8937
3.1607
2.7755
3.5853
3.1920
2.5469
3.1156
3.0309
2.6257
3.0349
3.1890
2.8738
3.1788
3.1198
3.1786
3.1846
2.5375
3.1698
3.0146
3.0846
3.0787
2.9387
3.0620
3.0860
3.1591
3.0177
2.5319
3.0881
2.7953
3.3368
3.2868
2.8790
3.0120
2.9436
3.1929
3.0776
3.4120
2.8318
3.0611
3.0561
3.1161
3.0674
2.9023
2.9464
2.8674
3.4685
3.3035
2.9271
3.1256
3.3119
3.5777
3.5993
3.2141
3.1171
3.0099
3.2426
2.5735
2.8302
3.1560
3.3716
2.6967
3.1713
3.1496
3.0789
2.7839
2.9977
2.7143
3.1390
3.1089
3.5292
3.1153
3.1929
3.1538
3.3698
2.8379
3.0499
3.1492
2.9271
3.1304
3.7261
3.3450
3.0903
2.7133
3.1417
2.9636
2.8792
2.6871
2.4904
2.7976
2.9848
3.1152
2.9981
3.4053
3.2284
2.6424
2.3255
3.2171
3.0199
2.8728
3.2270
3.3573
2.8778
3.0114
3.2938
2.6723
2.8968
2.5587
3.1030
3.0257
3.1058
2.9228
3.1297
2.9547
3.0260
2.8630
3.5380
3.1960
3.4019
3.1284
3.0366
2.7410
3.4271
3.1709
3.2406
3.3156
3.0864
2.6937
2.9966
2.9386
3.3069
2.9977
3.6541
3.1706
3.2010
3.2453
3.0690
3.0376
2.8671
3.4234
3.5539
3.1955
2.8608
3.6289
3.3529
2.6771
2.8628
3.4052
2.7893
2.9033
3.2742
2.8461
3.1603
3.4174
3.3237
3.2176
2.6141
2.9296
3.4606
3.0410
3.6660
3.0202
3.0834
3.0498
2.7817
3.2387
2.5536
3.4783
3.1431
3.1043
2.7103
3.6902
3.4533
2.5560
3.1584
2.6375
2.9375
3.1406
3.3810
2.8852
2.8675
2.9148
2.6164
2.6614
2.9597
2.8836
2.9253
3.0484
3.2207
2.9220
3.3763
2.8872
2.9744
3.1300
3.2953
2.8129
3.1931
3.0289
3.0269
3.1400
2.9792
2.6333
3.1820
3.5816
2.9219
2.9092
3.2276
3.1679
3.0648
3.0473
3.5291
2.8171
3.2885
3.3937
2.8104
2.7695
2.9322
3.1446
3.2500
3.2170
3.2090
2.8828
2.9113
2.9365
3.4430
2.8913
3.4467
3.1315
3.0154
2.9036
2.7626
2.9619
2.9521
3.1685
3.0408
3.0785
3.2031
3.0097
3.1577
2.7887
3.3551
2.6468
3.1353
3.2543
3.0909
2.9471
3.0298
2.9749
2.9127
2.7234
3.0699
2.9850
2.9708
3.6723
3.1000
3.0854
3.0200
3.0534
3.0803
3.2618
3.3369
2.7330
3.0396
2.5654
3.2522
3.0371
3.2592
2.2412
2.8322
2.9809
2.8602
2.5732
3.2705
2.4845
3.1208
2.7688
3.3331
3.1902
3.5054
3.2545
2.9218
3.1594
2.9825
3.3359
3.1687
3.1751
2.5645
2.9557
2.7595
3.6720
2.8413
3.2843
2.6330
3.0611
2.6112
3.0138
3.1638
3.7315
3.2652
3.0091
3.2624
2.7535
3.0510
2.9178
3.1852
3.3157
3.6169
2.7549
2.7462
3.0361
2.7276
2.9587
2.8890
2.8322
3.0834
3.2809
3.2114
2.7283
3.7658
3.4644
3.0414
3.0136
3.0287
3.0615
3.0710
2.6846
3.2362
3.2179
3.2566
3.0150
2.8092
3.5830
3.9842
3.0947
3.4398
2.7711
2.5960
3.0010
2.7296
2.9043
3.0721
2.8631
3.0715
2.3881
3.0852
3.1121
2.8515
3.0515
3.0228
2.8343
2.8788
2.7701
3.5568
3.1698
2.7342
3.0090
2.8734
2.6092
2.7005
3.0410
2.4609
2.9959
3.6229
2.8789
3.0091
3.0797
2.8497
3.3455
3.0357
3.0334
3.0523
2.7674
3.0997
2.8708
2.7132
2.9236
3.2710
2.6307
2.8600
2.6955
3.0909
3.0880
3.1772
3.2405
3.0107
2.7836
3.1831
3.1573
2.6327
3.3017
2.6621
3.0385
3.2423
2.9690
2.5542
2.9508
2.8076
2.9006
3.1130
3.4973
2.6578
3.6573
2.9846
2.6560
3.2301
2.6428
3.2124
2.8004
3.0646
2.7090
3.2954
3.0588
2.9111
2.6122
2.5428
2.8104
3.1346
3.0320
2.8649
2.8045
3.3039
3.0028
2.9865
3.1211
3.1693
2.5671
2.8917
2.9927
2.8940
2.5528
3.5280
2.8712
2.7815
3.0657
2.7174
2.8953
3.0302
2.9601
2.9009
2.8736
2.6320
2.6105
2.1959
3.1005
3.2319
2.9864
3.0359
2.6068
3.0958
3.0120
3.1552
3.1107
2.7062
3.1250
3.0109
3.4838
2.6369
3.1418
2.7301
2.6855
3.8967
3.3923
2.7005
2.9171
2.9187
3.4783
2.7247
3.4593
3.0235
3.1868
2.9796
3.0837
3.3677
2.8376
3.3790
2.9713
3.1355
2.8464
