2.9832
3.0444
2.9850
3.8524
3.1831
3.3803
3.3076
3.4583
3.1266
3.3402
2.9317
3.3032
3.2589
3.3171
3.3373
3.2089
3.5633
3.0826
3.3448
2.9696
3.5062
2.8875
3.5374
3.2881
3.4090
3.1650
3.0979
3.5996
3.4140
2.9992
2.7888
3.5951
3.8890
3.3760
3.2626
2.7222
3.3900
3.3997
3.5734
3.2511
3.2506
2.9943
3.0193
2.8731
2.9691
3.3134
3.3514
3.5579
3.4021
3.6812
3.6435
2.8849
3.2122
3.1164
3.5421
3.3003
3.2480
3.3875
3.0957
3.5201
3.4108
3.2666
3.2987
3.0563
3.5815
3.0162
3.3667
2.6486
3.5096
2.9302
3.1196
3.1495
3.1690
3.5747
3.1611
3.5588
3.2163
3.6630
3.4639
3.2120
2.9589
3.3033
3.4508
3.2064
2.9136
3.3543
3.5107
3.2223
3.6662
3.2800
3.2462
2.7301
2.9763
3.3490
3.2203
3.1382
3.0807
3.2254
3.3522
3.2193
3.0907
3.0918
3.3926
3.3831
3.4294
3.0925
3.2589
3.5218
3.4176
3.2202
2.8545
2.7219
3.3150
3.4607
3.4388
3.3624
3.7090
2.6217
3.3119
3.1709
3.1338
3.1869
2.9696
3.3410
3.0708
3.3284
3.4254
3.2081
3.7172
3.2981
3.6714
3.6174
3.3209
2.7960
4.1486
3.4535
3.1211
3.4346
3.9111
3.5052
3.0548
3.2734
3.0714
3.4710
3.5572
3.2029
3.0031
3.2004
3.0254
2.8896
3.6431
3.1117
3.7481
3.4721
3.6150
2.9927
3.0631
3.1860
2.6718
3.2228
3.1717
2.7654
3.3276
2.7810
3.2986
3.4806
3.0132
3.6774
3.2212
2.9642
3.2594
3.5735
3.1668
2.8555
2.8106
3.2444
3.1548
3.4602
3.1724
2.6649
3.3929
3.0780
3.1744
3.6525
3.0289
3.4546
3.1043
3.2384
2.8655
2.6791
2.8311
2.9642
3.1525
2.9818
3.3591
3.4442
3.0185
3.8180
3.3197
3.2962
3.5720
3.0463
3.3121
2.5552
3.2415
3.5344
2.9608
3.5548
3.4277
2.8490
3.5565
3.2310
3.8772
2.9909
3.4604
3.0821
3.6536
3.2869
3.5546
2.8251
3.1059
3.1932
3.2860
3.3509
3.3967
3.6263
3.7236
3.5336
3.2362
3.1679
3.1846
3.1096
3.3622
2.9881
3.7068
2.9527
3.4107
3.6361
3.3383
3.3556
3.2324
3.2000
3.4793
3.0360
3.0152
2.8869
3.0218
3.4728
2.8262
3.0232
3.1591
3.0461
3.0299
3.4738
2.9011
3.4330
3.2763
3.0312
3.4058
3.4667
3.9077
3.3650
3.1115
2.7826
3.6578
3.1466
3.2101
3.4121
3.4012
3.0752
3.4186
3.3765
3.2912
3.3070
2.7780
3.3152
3.4749
3.1425
2.7469
3.6321
3.5310
3.1267
3.7716
3.7002
3.5459
3.2153
2.8409
3.1449
3.5419
3.1460
3.2422
3.0207
3.3968
3.2055
3.4848
3.0188
3.3647
3.5831
3.4840
3.3457
3.0933
3.6874
3.3099
3.2103
3.5607
2.8137
2.9235
3.2268
3.4285
3.2063
3.1451
3.5258
3.0882
3.0374
3.8041
3.1916
3.3284
2.8303
3.5622
3.6628
3.3545
3.3229
3.3839
3.0688
3.3279
3.0531
2.9762
3.1607
3.1620
3.0778
3.0974
3.8153
3.0563
3.2831
3.3299
3.8163
3.1217
2.5383
3.3723
3.0785
3.6618
3.4633
3.5268
3.0370
3.0547
3.6620
3.2208
3.5418
3.3333
3.4056
3.5261
3.3580
2.4512
3.2666
3.1251
3.7503
2.9955
2.8750
3.0633
3.6458
3.1825
2.9193
3.0915
3.4246
3.5820
2.8386
3.1298
3.1310
3.5124
3.1864
3.1659
3.3320
2.9959
2.7915
2.7563
3.5354
2.8171
3.4703
3.1845
3.4312
3.4452
3.1150
3.1894
3.1148
3.0208
3.2202
3.2571
3.3677
3.3210
3.4103
3.6192
3.7708
3.1576
3.1802
3.0197
3.2245
2.8083
3.5610
3.2178
3.4384
3.1541
3.1202
3.2534
3.5906
2.5775
3.3366
4.0273
3.1201
2.9495
3.2971
2.9849
3.3618
3.4538
3.2540
2.9916
3.2411
3.4074
3.5601
3.3428
3.0658
3.8876
3.3544
3.1923
2.8721
2.9229
3.1815
3.5803
3.3738
3.0324
3.4312
3.1733
3.4532
3.1399
3.1860
3.4978
2.6302
3.0847
3.8585
3.4842
3.4455
3.7104
3.3093
2.9684
3.8169
3.3975
3.4532
3.3474
2.7909
2.8932
3.0472
3.7483
3.0655
2.9773
3.0865
3.2297
3.2650
3.2807
3.3317
3.2599
3.6909
2.8476
3.4895
3.0343
3.4860
3.5630
3.0370
2.8536
3.2195
3.4398
3.4287
2.9095
3.1031
3.5481
3.0334
3.1182
3.6365
3.7848
3.3114
2.7999
3.1768
3.6849
3.4115
3.6125
3.1905
3.5851
3.4644
3.1271
3.1921
3.4093
3.6337
3.0041
3.4095
3.2782
3.0263
2.8129
