2.8080
2.7923
3.0821
3.5211
3.5343
3.1401
3.2622
2.8930
3.0625
2.9919
3.2143
3.0919
3.0279
2.7813
3.3502
2.8813
3.2090
3.3373
3.4302
3.1492
2.8679
3.2441
3.5256
3.4597
2.8755
3.4704
2.7339
2.9058
3.1067
3.1681
3.4125
3.4749
3.2533
3.2221
3.0085
3.1372
2.7415
3.0242
3.3471
2.7287
2.9775
3.5732
3.3300
2.7899
2.7511
3.0425
2.9962
2.9683
2.9569
3.3713
3.0793
3.2425
3.2085
3.0928
2.8645
2.5871
2.8164
3.1663
2.6053
3.0590
3.0368
3.2122
2.9395
3.2527
2.9059
2.8875
3.0391
3.7219
2.7185
3.2225
2.8640
3.1535
3.0364
2.8324
3.3616
3.1330
2.7539
2.9614
3.0204
3.1587
2.8891
2.9046
2.7888
3.0001
3.1813
3.1096
3.1727
3.2167
3.2062
3.0953
3.2000
3.3483
3.3202
2.9493
2.7670
3.0735
3.1694
2.8316
3.1722
3.4324
3.4694
3.0867
2.7950
3.1661
3.1368
2.7547
2.8198
3.2137
3.0393
2.8046
3.1673
3.1440
2.9651
2.6660
2.7527
2.7371
2.6502
3.0735
3.4349
2.8225
3.1398
2.6818
3.3631
3.4546
2.6661
3.0683
3.1221
3.1388
2.9641
3.3201
3.2009
3.1853
3.3900
3.4566
2.9204
2.7382
2.6795
3.3323
3.0584
3.3203
3.3937
3.0912
3.3229
2.7970
3.4056
3.0148
2.6792
3.1629
3.2108
3.1346
3.0457
2.9506
2.6216
2.8251
2.7016
3.0858
3.2600
3.2898
3.0498
2.7034
3.1547
2.9282
3.2647
3.1972
3.1712
3.2271
2.7495
3.2938
2.9129
2.8197
3.0410
3.4216
3.3444
3.2888
2.9102
2.9069
2.8709
3.1851
3.2103
3.1691
2.9568
2.6424
3.2355
2.9925
3.4947
2.9642
3.4990
2.8556
3.0488
3.0629
2.9688
2.8972
3.3235
3.3112
3.4994
3.3114
3.4738
3.1398
3.5543
2.3992
2.6178
2.8985
3.1620
3.2278
2.7582
3.3258
3.2559
3.1295
2.8316
3.4528
3.1942
2.5892
3.2179
3.1155
3.2973
3.1999
3.9748
3.2810
3.4433
3.0327
3.3880
2.4630
2.8619
3.0571
3.0254
2.5335
3.0326
2.8892
3.3327
3.4357
3.1255
3.0616
3.5712
3.2345
3.2252
2.7231
3.4379
3.2010
3.2187
2.8184
3.3849
2.8425
3.3754
3.0679
2.8621
2.9650
3.3193
2.6363
3.2320
3.0224
3.2456
3.0435
3.1132
2.9746
2.9661
2.7751
3.3224
2.8745
2.7831
2.9752
3.0214
3.3407
2.9704
3.7842
3.0910
3.0536
3.2717
2.6323
3.1438
3.2733
3.2943
2.7032
2.9457
3.1085
3.1554
3.1427
2.7982
2.7408
2.9099
3.1419
3.1879
2.9763
3.2116
2.5246
3.3510
3.0803
2.8239
2.8989
3.0770
2.9131
3.1178
3.3652
2.7790
2.5940
3.0176
3.1609
2.8246
3.5024
3.0315
2.9016
3.0030
3.2024
3.4443
3.2177
2.9194
2.9642
3.3290
3.0860
2.8074
2.8633
2.8711
3.3627
2.7640
3.2078
3.4783
3.6581
3.3855
2.9828
3.0353
3.3148
3.4677
3.2215
3.2878
3.2031
3.4064
3.0685
3.4043
2.8501
2.7765
3.4060
2.9988
2.8862
2.5211
3.3606
2.9069
3.0119
3.1722
2.9038
3.0659
3.1921
3.2239
3.2518
3.2714
3.5360
2.9796
3.5756
2.7407
3.7413
2.6806
3.1664
2.9341
2.7384
2.9833
3.2104
3.1515
3.3831
3.1925
3.3241
3.1218
3.1734
2.7741
2.8959
3.4913
2.6245
3.1296
2.7993
2.8792
3.3126
3.3536
3.1944
3.4095
3.3502
3.0794
3.1006
2.8712
3.3937
3.2588
3.2845
3.5912
3.0325
3.0793
3.0798
2.5655
2.7459
2.9612
3.6203
3.0373
3.1291
3.4636
2.9678
2.8755
3.6230
3.2814
3.1065
2.9199
2.9964
2.9405
2.9277
3.3245
3.6130
2.9346
2.9790
2.6841
3.6034
3.0935
2.9502
3.1142
3.2387
2.8339
2.9026
2.9647
2.8703
2.9742
3.1786
2.8779
3.1415
2.6340
2.9372
2.6712
2.6623
2.6969
2.9573
2.5246
2.9187
2.8322
3.0305
2.8380
3.1725
3.3950
3.2523
2.8818
3.3153
3.0359
3.2641
3.1987
3.0501
2.9229
3.2786
3.0812
3.2370
3.2486
3.0660
2.8818
2.9994
2.8457
2.9890
2.7977
3.3788
3.0194
3.4278
3.1734
2.8885
2.9240
3.1097
2.8489
3.0716
3.3347
3.5730
3.1517
3.1875
3.2108
3.1381
3.8708
2.8755
2.7153
3.0439
3.1727
3.2410
3.2980
2.5050
3.1922
3.0694
2.8446
2.4963
2.9668
2.8357
2.8976
3.1203
2.8092
3.0536
3.5200
2.8366
3.4723
3.0128
3.1513
2.8769
3.1143
3.0525
3.0976
3.2344
3.0698
3.3201
3.1357
3.1851
3.5875
2.5216
2.9812
2.9896
3.2703
3.3851
