2.8145
3.2369
3.1651
3.1808
3.2979
3.1355
2.9258
3.0872
3.0107
3.1937
2.9088
2.7778
2.4830
3.1628
2.6656
3.1609
2.6325
2.7492
3.0017
3.1589
2.6857
3.1406
3.2253
2.9705
2.9859
3.6804
3.1095
3.4959
2.8061
2.9204
2.9068
3.1629
2.9770
3.4744
3.1823
2.7738
2.8313
3.1517
2.9327
3.0177
3.1440
3.1297
2.4134
3.0688
2.6535
3.6575
2.8550
3.4065
2.9785
3.4721
2.9280
2.7698
3.5073
2.7664
3.2304
3.4992
3.2636
2.9871
3.1220
2.9827
3.1198
3.1815
3.2114
2.7475
3.2667
2.6659
3.1777
3.0413
2.9261
3.3526
3.1497
2.9744
3.4761
2.6253
3.1206
3.0689
2.4372
2.9027
3.3266
3.0709
3.1964
3.3390
2.8970
2.7135
3.0193
3.3405
3.9885
3.2306
2.9126
3.2739
3.2319
2.9522
3.3580
2.9219
3.2640
3.3142
3.0738
3.3442
2.8766
3.5236
3.0892
3.1773
2.9082
2.8584
2.5633
3.0401
2.7773
3.1207
3.3452
2.7391
2.7697
3.0024
2.9029
2.7931
2.8775
2.9147
3.0210
3.5691
2.9401
2.8604
2.7467
3.3846
2.8907
2.9841
3.1599
3.0338
3.2395
3.1877
3.1924
3.3299
3.1701
2.8833
2.6336
3.2639
3.0259
3.2425
3.5819
3.1747
2.8565
2.8894
3.1727
2.8476
2.5866
3.3948
2.8494
2.7516
3.3411
3.2252
2.9573
3.4246
2.5570
2.9877
3.8703
2.7476
3.5027
3.0662
2.7138
3.1953
2.7961
3.4319
3.1725
3.3116
2.8270
3.3057
2.4300
2.9278
2.8457
3.0281
2.8189
2.9301
2.8913
3.3054
3.3388
2.8954
3.3254
3.4496
2.8710
2.8676
3.1280
2.7197
2.8228
3.2142
3.3023
3.0405
3.2545
3.3674
3.0191
2.9739
3.0103
3.4294
2.8835
3.3969
3.2769
3.0315
3.2132
2.7960
2.8260
2.5639
2.8643
2.9958
3.5454
3.0335
2.6532
3.3408
2.8582
3.1540
2.6172
3.1499
3.2334
3.3175
3.2965
3.3258
2.9380
2.9810
3.2369
2.5574
3.6333
3.4234
3.0649
3.3035
2.5959
2.5778
2.6657
2.7495
3.0435
2.4620
3.1020
3.3067
2.9240
3.4074
3.1517
2.6098
3.2966
2.9542
2.8232
2.5866
3.2669
3.6160
2.8674
2.9272
3.0690
3.9911
3.2889
3.4838
3.1216
3.3609
3.0694
3.5873
2.9452
2.9262
3.0761
3.1458
3.1778
3.0517
3.0398
3.3233
2.8433
2.6124
3.2227
2.8358
3.6454
2.8505
3.2961
3.0633
2.7151
2.9603
2.9592
2.8646
3.0534
3.2063
3.3086
3.3924
2.9149
2.9311
2.7170
3.1774
2.9700
3.1828
3.2385
2.9771
3.4545
3.1794
3.6720
3.2094
3.4881
2.6463
2.3036
2.8978
3.2200
3.0096
3.0516
2.9106
3.5325
2.7774
3.0665
3.1829
3.0379
3.8200
3.0214
2.9095
3.0330
2.6117
3.0609
3.3930
2.7978
3.5106
2.6940
3.0598
2.8737
3.2413
3.0778
3.0152
2.5163
3.5677
2.9400
3.1302
2.8856
2.8989
3.2072
3.0318
2.8577
2.8260
2.7320
2.6550
2.7521
3.2676
3.0807
3.2283
3.0944
3.1394
2.9438
2.8163
2.9666
3.2275
3.0575
3.1199
2.9589
3.2348
3.4229
3.1000
2.9176
2.7901
3.0494
2.7290
3.2639
3.1706
2.9721
3.2912
2.7123
2.5403
2.7780
3.1875
2.6612
2.6549
2.8157
3.1363
2.5555
2.8703
2.8610
2.5583
3.0203
2.9999
2.8781
3.4194
2.9428
2.9122
3.0196
3.6287
2.8777
2.5212
2.9616
2.9616
3.1341
3.3132
2.7788
3.2685
3.0426
2.6836
2.9685
2.9706
2.6266
3.4947
2.7888
2.8429
2.8642
2.9142
2.8290
3.3509
2.8181
2.9170
2.7755
3.4396
3.0770
3.0852
2.4922
2.6550
3.2133
2.9922
2.6142
3.4385
3.1326
3.4955
3.2309
2.7789
3.5090
2.9506
3.0669
2.9421
2.9657
3.0898
2.5261
3.2976
2.5711
2.7242
2.6448
2.5637
3.0422
3.6298
2.6893
3.1792
3.1890
3.3321
3.1130
3.1045
2.8269
2.9790
3.3134
3.2727
3.2132
3.5148
