3.1819
2.6752
3.0878
2.9862
3.2938
3.3626
3.6607
3.3012
3.4854
3.5210
3.3376
3.3545
3.7304
3.2198
3.1043
2.9943
3.3002
3.3103
2.8502
3.4987
3.0926
3.4295
3.0665
3.1807
3.1163
3.2548
3.2940
3.0346
3.2297
3.9032
3.2169
2.6393
3.2746
3.2871
3.2463
3.3279
2.7449
3.5752
3.0810
3.3718
3.2337
2.7840
3.3713
3.5132
3.0717
2.5910
3.1937
3.2861
3.1664
3.3625
3.3627
3.2924
3.3054
3.2185
3.3057
3.4234
3.1140
3.5024
3.1836
3.4180
3.7907
3.1864
3.1502
3.6820
3.1651
3.1220
3.4929
3.7152
3.4432
3.3591
3.5053
3.7945
3.0421
3.1498
3.4395
3.1178
3.0389
3.3017
3.1396
3.2701
3.1831
3.2941
3.1647
3.4284
2.7206
3.5215
3.4215
3.1441
3.2122
3.4559
3.6235
2.7136
3.6343
3.1857
3.1144
3.3516
2.8163
3.2645
2.6703
3.0970
3.0110
3.5192
3.6428
3.4846
3.3225
3.4899
3.1107
3.3351
3.2666
3.8818
2.9341
3.6403
3.2885
3.0571
3.3250
2.9090
3.3324
3.2178
3.4517
2.9694
3.1938
3.0064
2.8885
3.3262
3.0668
3.3447
3.6223
3.1209
3.6224
2.4712
3.6606
3.0231
3.1719
3.3862
2.8560
3.5926
3.3902
3.1053
3.5408
2.7279
3.1676
3.4392
3.1480
2.7095
3.2299
3.3534
3.3446
3.4501
2.9521
3.0440
3.6733
3.0173
3.2535
3.4230
3.3454
3.7876
3.3270
3.8457
3.4403
3.4310
3.2126
3.5700
3.2419
3.1360
3.2798
3.5821
3.6022
3.1873
3.3358
3.4530
3.0599
3.2809
3.1575
3.0844
3.4111
3.2303
3.3232
2.7344
3.9884
2.7728
2.8905
3.0233
3.4960
2.7168
3.1369
3.0444
3.1352
3.3471
3.1075
3.0647
3.1345
3.0776
3.0202
2.9008
3.4572
3.3021
3.0467
3.7186
3.1910
4.1270
3.2695
2.9092
3.2294
2.8456
3.2392
2.9927
2.8970
3.2106
3.2907
2.8952
3.1888
3.3128
3.3873
3.5773
2.9488
3.3324
3.3338
3.3204
3.3433
3.2258
3.4334
3.2484
2.6739
3.3303
3.6487
3.0630
3.0738
3.4097
3.1470
3.3525
3.3893
3.3296
2.9083
2.8172
3.0596
3.0555
3.2916
3.1437
3.0804
3.6078
3.0537
3.2016
3.5418
3.1136
3.7333
3.5167
3.3150
3.2311
3.4150
3.5594
3.1085
3.4546
3.3484
3.1869
3.4408
3.1990
3.3759
3.2144
2.8067
3.4005
3.6268
3.3969
3.3762
3.3225
3.4926
3.3402
3.4009
3.8044
3.1268
3.2236
3.3591
3.2731
3.3988
3.3549
3.5064
3.5772
3.0964
3.1143
3.1133
3.3691
2.7005
3.1074
3.9642
3.4003
3.2231
3.5652
3.2441
3.3937
3.0048
3.2635
3.2854
3.3193
3.0044
3.3265
3.3685
3.7430
2.9933
3.4458
3.3168
3.5686
3.1685
3.4592
2.8434
3.3596
3.4495
2.9202
3.5118
3.1029
3.3523
3.5208
2.8832
3.1426
3.4997
3.2018
3.4985
3.7928
3.6308
3.4500
3.4020
3.2018
3.1709
3.1520
3.2988
3.2502
3.4740
3.3367
3.0482
3.4993
3.1302
3.6445
3.5212
3.1812
3.0463
3.3389
3.1504
3.3833
3.3805
3.0063
3.6721
3.2245
3.0131
3.5877
2.7774
3.4721
3.2149
3.6628
3.0147
3.2291
3.5070
3.1519
3.4128
3.5418
3.3392
2.5681
3.2985
3.5514
2.8239
3.4857
3.5291
3.1654
3.5001
3.4003
3.2223
3.3184
3.5482
2.8646
3.6604
3.3970
3.3576
3.1613
3.8449
3.1786
3.0779
3.4969
3.0639
3.0564
2.9606
3.1548
3.3211
3.5868
3.4291
3.2857
3.2442
3.6593
3.1983
3.0567
3.4611
3.2277
3.1497
3.1259
3.6568
3.0814
3.3696
3.4005
3.1344
3.0681
3.2584
3.3139
3.2387
3.1725
3.1613
2.9200
2.9242
3.0949
3.3252
2.8316
3.5556
3.6454
3.1046
3.1775
2.8912
3.0506
3.6564
3.5804
3.5965
2.8975
3.1983
3.3525
3.2542
2.9925
3.1377
2.6632
3.2468
3.4664
3.1540
3.4189
3.7751
3.1700
2.9694
3.2013
2.9658
3.2287
3.0024
2.9068
3.4095
3.5879
3.5285
3.4949
3.0876
3.0973
3.4736
3.4110
2.9979
3.2359
3.1323
2.6795
3.5246
3.0814
3.0586
3.6145
3.1901
2.9518
2.8656
3.3713
3.1607
3.0004
2.8548
3.2329
3.1103
3.4150
3.0640
3.4609
3.4683
3.5373
3.0691
3.6300
2.9136
3.1000
3.4400
