2.7442
3.0875
3.1417
3.0965
3.1067
3.1058
3.6148
3.1695
3.5582
2.7735
3.3620
3.2563
3.3660
3.0385
3.7310
2.7920
3.8261
3.2754
3.2859
3.3171
3.0610
2.8432
3.2664
3.7148
2.7885
3.2440
3.3766
2.9641
3.3536
3.4520
3.5502
2.8415
3.3461
3.2753
3.2778
2.9376
2.6830
2.6228
3.0225
3.6814
2.5577
3.0936
2.9649
3.0894
3.2717
3.3685
3.1312
3.3058
3.1560
3.4127
3.1428
2.7427
3.3642
2.9419
3.5022
3.2026
3.5189
3.0854
3.1572
3.5926
3.4388
3.0014
2.9277
2.7859
3.0195
3.6352
3.6742
3.5994
3.2444
3.0850
2.4291
3.2236
2.6389
3.4408
3.5889
2.8056
3.3343
3.1070
3.2590
3.0590
3.5288
2.8011
3.8521
3.2601
3.3046
2.8485
2.8971
3.1151
3.8422
3.2809
3.6126
3.5828
3.2182
3.6604
3.2184
3.1151
2.7365
3.1460
3.0808
3.2268
3.5150
3.1943
3.0220
3.4135
3.1674
3.9065
2.8239
3.0974
2.8730
3.4086
3.0800
3.1916
3.5655
2.9033
3.4515
3.0181
3.2203
3.2646
3.2422
3.2944
3.1624
3.2288
2.8551
2.8405
3.6124
2.7672
3.0601
3.4153
3.1703
3.1900
3.4033
3.2737
3.3190
3.5014
3.5458
2.9417
3.2866
2.8304
3.3039
4.0001
3.4700
2.8393
3.5055
3.3197
2.9435
3.6072
3.4961
3.3436
3.1150
3.0872
2.9467
3.3467
3.3983
2.8499
3.0934
3.0812
3.0625
3.2708
3.3982
2.8771
3.2904
2.9432
3.5578
3.4236
3.8434
3.1483
2.8901
3.2996
3.1124
3.1291
3.4569
3.2241
3.3041
3.0382
2.6697
3.7738
3.0790
2.6949
3.3617
3.6976
3.2862
3.0759
3.0143
3.3164
3.2714
3.1025
3.2850
2.8717
3.1619
3.3190
3.2997
3.8302
3.0698
3.1530
3.6854
2.9733
2.9982
3.2747
3.0406
3.2658
3.0892
2.9180
3.0592
3.7339
3.5804
3.3427
3.3257
3.1666
3.5933
2.9844
2.8042
3.0984
3.0940
3.3103
3.0247
2.8161
3.3344
2.8238
3.2460
3.1265
3.5992
2.9350
3.2119
3.5042
2.9748
3.1124
2.8686
2.9558
2.7106
3.4069
3.0049
3.1317
3.3441
2.9660
3.1105
3.3919
3.1019
3.3134
3.1089
3.1332
3.3290
3.0635
2.9194
3.1761
3.0917
3.3337
3.3627
3.0266
3.0033
3.0044
2.8607
2.9323
3.2842
3.5677
3.4827
3.3332
2.9958
3.3759
3.3805
2.8577
2.4592
3.3498
3.3987
3.3183
2.8509
3.0686
3.4825
3.2327
2.8265
3.4108
3.4764
3.0937
2.8550
3.1265
3.7105
3.2881
3.5144
2.9113
2.8179
3.0234
3.9037
2.9877
3.0450
3.3421
3.3785
2.8669
3.1520
2.8252
2.8778
3.0252
3.3508
3.3843
3.1949
3.4081
3.3078
2.9671
3.3026
3.2062
3.0216
3.3133
3.1021
3.1925
3.1743
3.0942
3.1330
2.8083
3.3786
3.3333
2.8980
3.2104
2.9820
3.8099
3.3310
2.8343
3.0978
3.7551
2.6847
2.8817
3.3908
3.2297
2.8762
3.3417
2.9589
3.3217
3.0750
3.5692
3.0584
3.2053
3.4267
3.2777
3.2820
2.8267
2.8890
3.3227
3.3156
3.3618
3.0407
3.4349
3.2707
3.4562
2.7608
3.2475
3.4013
3.5235
3.4015
3.1637
3.0580
3.0023
3.5808
2.7507
3.6002
2.9116
3.2844
3.0065
2.5465
3.4273
3.3395
3.5272
3.3951
3.3763
2.8720
3.4798
3.0749
2.8362
3.5843
2.9451
3.1754
3.4089
3.0572
3.4179
2.9786
3.5638
3.0897
3.5052
2.6092
2.9044
3.2915
2.8126
3.2344
3.0099
3.6133
2.7495
2.9010
3.2642
3.4374
3.1919
3.1803
3.4607
2.8971
2.9848
2.9780
2.9991
3.5038
2.8728
2.5812
3.5296
3.0374
3.3148
3.0672
3.4794
3.3830
3.2263
3.2823
3.2252
3.2267
3.2256
3.3479
3.2774
3.2697
3.4289
3.8883
3.1876
3.0723
2.5005
3.1802
3.6752
3.1507
2.6501
2.9184
3.3913
3.2661
2.9103
3.3656
2.8712
2.9381
3.2021
2.8698
3.5429
3.3973
2.6720
2.8571
3.3028
3.1876
3.4135
3.1776
2.7817
2.9633
3.3298
3.0424
3.7695
2.4437
3.1779
2.9435
3.0005
3.2998
3.1984
3.3296
2.8012
3.4271
3.0606
3.4033
2.9465
3.2304
3.2636
3.5309
3.1993
3.3382
2.8406
3.0047
2.6895
3.1923
3.1421
3.1041
3.1250
2.5481
3.6194
3.0142
3.0007
3.4395
3.6544
3.3094
3.1268
2.9622
3.4723
3.0520
2.8145
3.1446
3.3131
3.2996
3.1360
3.2593
2.6293
3.7577
3.2966
3.2226
3.1623
3.8504
3.1594
3.3355
3.2551
3.0222
3.1189
3.4859
3.2112
3.3412
3.2168
2.8238
3.3445
3.0476
3.0439
