3.0643
3.3153
3.1738
3.0794
3.0811
2.5646
2.5688
2.7073
2.8163
2.6644
3.0652
2.8904
3.4992
3.0164
2.6740
2.5362
2.7739
2.9370
3.0130
2.8983
2.8405
2.5248
2.7012
3.0594
2.7328
2.9469
3.0304
2.5970
2.4893
2.7346
2.4953
2.6495
2.7840
3.0399
3.1486
2.9724
2.5461
2.9756
2.6834
2.8547
2.7956
2.6977
3.0922
2.9656
2.5837
2.4936
2.8450
3.1193
2.9986
3.1785
2.7524
3.2282
3.3356
3.0286
2.9630
2.6301
2.3854
2.8452
2.9561
3.2498
3.0256
3.2474
2.6629
3.2183
2.7005
2.6965
2.4339
3.0152
3.0004
2.7376
2.4808
2.5448
2.8720
2.7798
3.3134
2.8362
2.7458
2.9262
3.2638
2.8533
2.6865
2.6884
3.0148
2.7520
2.9090
2.6329
2.8869
2.9012
2.3810
2.7427
2.7398
3.1013
2.7425
3.0799
3.4342
2.8979
2.7207
3.3121
2.8229
3.0815
2.7433
2.9115
3.1237
2.6508
3.1409
2.4205
3.2360
3.1912
2.6657
2.8410
2.6718
2.4450
2.9720
2.4881
2.2873
2.6699
2.5576
3.0970
2.7984
3.0361
2.7533
2.3991
2.9345
2.7297
3.1921
2.8298
2.8050
2.4591
2.7943
2.5297
2.7540
3.3584
3.0901
2.7973
2.9507
2.7088
3.2787
2.9050
3.0777
2.4744
3.1244
2.9032
2.7586
3.0118
2.7765
2.9315
2.4505
3.1604
2.7428
2.6729
3.2292
3.3431
2.8659
3.1712
2.8486
2.2907
2.6570
2.7162
2.8750
2.9482
3.0607
2.9499
2.7789
2.9869
2.8236
2.8641
2.9229
3.3106
2.6167
2.7395
2.7395
3.4632
2.5632
2.4927
2.7122
2.4393
2.7731
2.9841
3.0239
2.7045
2.7175
2.9819
2.6788
2.4898
3.2398
2.8371
2.8869
2.8927
2.9376
2.8195
3.1924
2.8268
3.0463
2.9833
2.4220
3.0411
3.2272
2.7031
2.5681
2.5854
2.8238
2.6554
2.4666
3.1867
3.0950
2.3612
2.9107
2.3817
3.1299
2.8250
2.3955
3.2869
2.9567
2.8981
2.8329
2.4980
2.7999
2.7521
2.9668
2.9822
2.5831
3.0402
3.0764
3.1448
2.5752
3.4175
2.8081
3.0279
2.9239
3.2709
2.7326
2.4873
2.8507
3.0714
3.3464
2.9121
2.6523
2.5749
2.9312
2.2743
2.8592
2.8756
3.3188
2.8813
2.7762
2.9033
3.0590
3.3311
2.9192
2.7116
3.6291
2.5129
2.7441
2.8245
2.6114
2.5194
2.9665
2.8042
2.8334
2.6535
2.8777
3.1211
3.1036
2.9530
2.7166
3.0203
3.3494
2.5826
3.1825
2.7904
2.5871
2.8799
3.2523
2.7933
2.6141
2.8808
2.6610
2.5928
3.2098
2.9863
2.9650
2.8282
2.5799
2.8988
2.7620
2.9722
2.9627
2.7503
3.4059
2.6988
3.1277
3.2362
2.7094
3.0942
2.6840
2.7558
2.8391
2.9085
2.7134
2.8315
3.0517
2.7365
2.4879
3.0830
2.9678
2.8935
2.6827
2.4656
3.0872
3.0622
2.9785
3.0601
2.7555
2.7507
2.3443
2.5775
3.2916
3.1059
3.3496
2.7774
2.9946
2.9108
3.0532
2.6767
2.9706
2.6166
2.7127
2.9616
2.9068
2.5186
2.7806
3.3706
3.0184
2.8663
2.8362
3.1727
2.6396
3.1395
2.8043
2.8587
2.6162
2.9374
2.7137
3.2354
2.4791
2.9981
3.2203
2.6983
3.0813
2.7622
2.6943
3.3842
2.6350
2.9290
3.0997
2.8674
2.9102
2.7073
2.8206
3.4331
2.7925
2.5835
2.6362
3.0427
2.4897
2.4579
2.8382
2.5725
2.7701
2.9613
2.7768
3.2819
2.8144
2.9144
2.7157
3.3038
2.5636
2.5192
3.0705
2.6737
2.8377
2.7151
3.3552
2.7582
3.1180
2.9920
2.7601
2.7017
2.4711
3.1212
2.3356
2.5454
2.8355
2.3127
2.6450
2.7242
2.5153
3.3114
2.9207
3.2504
2.8720
3.0240
2.5179
3.0462
2.7022
3.0872
2.8756
2.8182
2.7332
2.8529
2.9194
2.3944
3.1858
2.9983
2.7558
2.6307
3.0083
3.1597
2.8069
2.8275
3.3004
2.7876
2.6992
2.8617
2.8412
2.8312
2.8166
2.5725
3.1241
2.9830
3.0907
2.3865
2.7110
2.9457
2.9564
3.1692
3.0801
2.6150
2.6430
3.1793
3.1395
2.7969
2.6718
2.7334
2.9444
2.8018
2.7363
3.0683
2.9544
3.0192
2.4758
2.9845
2.9184
2.6906
2.9904
3.2789
2.6875
3.2554
2.9486
2.9124
2.5154
2.5317
3.0061
2.7652
2.9040
2.5487
2.4537
2.8842
3.0605
2.7414
2.5112
2.8417
2.8160
2.9561
2.4355
2.6411
2.9091
2.7175
2.9493
2.8884
3.1666
3.2174
3.2133
2.6679
3.0863
2.9998
3.2080
3.0727
2.4088
2.2781
2.3231
2.4011
2.6665
3.0842
3.2092
3.0381
2.8492
2.9917
3.2606
2.5300
