1.5380
2.9208
2.2593
2.3340
2.0740
2.2525
2.5557
2.4790
2.4500
3.3300
2.3003
2.1218
1.6903
2.1133
2.4042
1.7808
2.1654
2.5578
2.4044
2.5137
1.7079
1.6785
2.3858
2.3310
1.8001
2.4714
2.9723
2.3385
1.8363
2.1749
2.2068
2.0201
3.0230
2.3242
2.1467
2.8239
2.6232
2.9906
2.5424
1.3557
2.3956
2.2112
2.2271
1.9006
2.2023
1.8223
2.4987
2.4821
2.1760
2.4046
1.3288
2.1516
2.6664
2.0872
2.5509
2.2366
2.1425
1.7663
2.0424
2.4434
2.3116
2.4863
2.5841
2.2957
2.5520
2.9224
2.0712
1.8981
1.9003
2.0464
2.3205
2.7507
3.2756
2.2283
1.8048
2.2243
2.4873
2.2245
1.9333
2.6556
1.8614
2.4718
2.1748
3.3499
1.5593
2.0938
2.4911
1.7555
2.0952
1.6906
2.2467
1.6627
2.0696
2.3688
2.7940
2.2244
2.8975
2.1134
1.9208
1.8469
1.5668
2.3171
2.7306
1.5676
2.3457
1.4039
1.9554
2.3773
1.6828
2.0137
2.3539
2.2143
3.4274
1.4509
2.5008
2.9025
2.1103
1.6324
2.3313
2.2175
2.6163
2.2872
2.3377
2.4366
2.8345
2.9900
1.9732
2.6336
2.5962
2.4217
2.3350
2.5060
2.6265
2.4733
2.1290
2.2046
2.1146
2.7140
1.5729
2.0365
2.3293
2.1626
3.3068
2.8569
2.7198
2.6189
2.0520
1.5205
2.6117
2.6693
2.4918
2.5613
3.1448
2.0699
2.2149
2.1022
1.8022
2.3737
3.0009
1.6417
1.7181
2.4550
2.0123
2.5358
1.9149
2.5292
2.0126
2.2805
2.0644
1.8526
2.1838
3.0302
2.2711
2.1032
2.3411
1.7936
2.5085
2.5422
2.0273
2.5353
1.5196
2.4815
2.6854
2.7303
2.1194
1.7072
1.7476
1.5689
2.1919
2.7933
1.4052
2.3095
1.9785
1.6056
2.6558
2.7719
2.4426
2.6027
2.2003
2.2131
2.8513
1.8701
1.6228
1.5880
1.6576
2.2688
2.3199
2.8934
2.5495
2.6630
2.8489
2.5702
2.2863
1.8667
2.1111
1.7872
1.6748
3.8805
2.6449
1.6008
2.2811
2.3867
2.0410
2.2857
1.6793
2.2009
2.8114
2.5661
2.8426
2.2453
2.3533
2.1886
2.1119
1.5867
1.4741
1.6304
2.5861
2.8034
2.7397
2.3947
2.2000
1.8510
2.5670
2.8205
2.0957
2.6420
1.3423
2.3121
1.9002
2.7874
2.4465
2.3817
1.6985
2.4689
1.5980
1.6635
2.1485
2.3610
2.0207
2.6658
2.2153
2.8133
2.1083
2.4684
2.2028
2.0262
1.7287
2.1272
2.6843
2.7174
2.4542
2.2033
1.8472
2.2811
2.5779
2.0423
2.6663
2.8825
1.8700
2.3615
2.4210
2.2907
2.8230
1.7988
2.3201
2.2892
1.9219
1.7454
2.1978
2.2629
2.4966
3.2871
2.1206
2.7612
2.4059
2.5421
2.1333
2.1662
2.3437
2.2085
2.1177
2.4600
1.7297
2.7219
1.9115
1.8204
2.0347
2.3049
1.3863
2.0749
1.7903
2.7054
2.6619
2.2456
3.1996
2.3130
2.0238
2.4853
2.1976
2.3438
1.8389
2.1175
1.8499
2.0768
1.2989
2.3970
2.3968
2.3258
1.9918
1.6738
1.8016
2.3400
2.1684
2.2041
1.8278
2.2379
2.4610
2.2490
2.8288
1.8684
3.1691
2.5224
2.2543
1.8049
3.5555
2.5772
1.9485
2.6787
2.0555
2.5767
2.6799
2.2847
1.6644
1.9609
2.2597
2.5833
2.0144
2.0096
2.4537
2.4999
3.1151
1.9543
1.9655
2.9582
2.2817
2.0506
1.9721
1.9522
2.2392
1.9490
2.1662
2.3974
1.6047
1.8677
1.9873
2.4310
2.9185
1.6327
2.0204
2.6031
2.3398
2.8569
2.6359
2.0847
2.1044
1.8956
2.8896
2.0929
1.8777
2.8051
2.1220
2.4580
2.5985
2.0033
2.4140
2.5464
2.2347
2.1438
1.8841
2.0703
1.9941
3.0810
2.3868
2.7323
2.4085
2.4711
2.1589
1.7297
2.2651
2.2803
2.6875
3.1526
2.5787
2.1754
2.1681
2.0255
3.1071
2.3183
1.8389
2.2703
1.9666
1.8180
2.3561
1.9897
2.3242
1.7642
2.3202
1.9710
2.9270
2.3135
2.1076
2.0735
1.9621
2.3580
1.6616
2.4501
1.9600
2.5058
2.9373
2.0072
2.4122
1.6468
2.7128
1.8926
3.3732
2.3024
1.9895
2.8491
2.2669
2.1977
1.8754
1.7615
1.9903
2.0898
3.0484
2.1467
1.5912
2.4888
2.1240
2.0292
1.8881
