0.4214
0.6639
0.4738
1.4802
1.4012
0.2078
0.3213
0.4374
0.7705
0.2030
0.4915
1.2266
0.6527
0.2344
0.2175
1.2239
0.4213
1.5750
0.4119
0.6235
1.3137
1.2527
0.9442
0.0525
0.6639
0.2985
0.8476
0.6631
0.2746
0.9388
0.1440
1.2881
0.6980
0.1162
1.2090
0.3645
0.9040
0.7012
0.4565
0.0697
0.7748
0.2562
0.9718
0.3027
0.2774
1.6139
0.5796
0.0540
0.7105
0.3254
1.3379
1.3529
0.2815
1.0330
1.1108
1.1128
0.4143
0.5745
1.5897
0.4345
0.5142
0.6918
0.2415
0.0805
0.7483
0.4925
1.0446
0.2988
0.4060
1.3243
0.5828
0.5112
0.0658
0.4759
0.1534
0.4759
0.2810
0.7016
1.0879
0.2546
0.7781
0.8597
1.2328
0.1687
0.2712
0.3006
0.4856
1.1099
0.2831
0.7482
0.4121
0.3504
0.2541
0.1918
1.1098
0.8262
0.5271
0.3104
0.9568
0.3801
0.1204
0.5950
0.2404
1.1029
0.4141
0.9015
0.3901
0.2368
0.5438
0.8656
1.3445
0.2399
0.4275
0.0823
0.4507
0.2502
1.4478
0.6533
0.8325
0.2339
0.7829
1.2031
0.4109
0.8855
0.2952
0.1992
2.1418
0.9045
0.6851
0.2645
0.1936
0.7886
0.6649
0.6259
0.5678
1.2333
1.3755
0.6783
0.5066
1.8387
0.3684
0.6159
0.5580
0.8116
0.3627
1.1713
0.7313
0.3416
0.1062
0.6000
0.6129
0.1433
0.2484
0.1660
0.3793
0.7644
0.2056
0.1337
0.9325
0.8691
0.1798
0.0603
0.4809
0.1981
0.1212
0.1036
0.2422
1.5136
0.8691
0.7102
0.3735
0.1924
0.3283
0.3260
0.6380
0.4487
0.2473
0.5620
1.5183
0.2581
0.3939
0.6060
1.1428
0.8562
0.6538
0.2026
0.4736
0.5650
0.6491
0.4721
0.9696
0.0845
0.0558
1.4305
0.6152
0.3199
1.6544
0.1742
0.2845
0.8880
1.0173
0.7871
0.3148
0.3709
0.4014
0.6064
1.4119
0.2954
0.3141
1.0663
0.7498
0.0671
0.1829
0.1623
1.2759
0.2799
0.6884
0.3817
3.0352
0.5968
0.9036
1.1310
0.6922
0.5470
1.1221
0.6551
0.5813
0.8164
0.4849
0.1868
0.7717
0.7715
0.7426
0.6809
1.8466
0.4443
1.1045
0.1564
0.9985
0.8164
1.5887
0.1528
0.9737
0.4396
0.0604
0.5961
0.2800
0.6004
0.8650
0.4008
1.5092
0.0889
1.5953
0.4344
0.1669
0.2052
0.3880
1.1515
0.7257
0.5595
1.7955
0.0880
0.3431
1.9604
0.8598
0.7434
1.1310
0.9515
0.1187
0.6240
0.8606
0.5178
0.4373
0.8168
1.0136
0.7814
0.1625
0.0518
1.1262
0.1083
0.3031
0.2564
1.0126
0.1046
0.8955
0.2922
0.6319
0.5147
0.6963
1.2258
0.2646
0.5409
0.2458
0.3762
0.5334
1.0000
0.3605
0.0454
0.1352
0.9277
0.0743
0.2242
0.5166
1.2624
1.4509
0.3096
0.4968
1.5752
0.4531
0.8807
2.2466
0.7360
0.5464
1.3691
0.1134
0.1946
0.8267
1.3748
0.4693
0.4634
0.6036
1.0876
0.5521
0.1508
0.7116
1.3521
0.5512
0.6001
1.2817
1.5772
0.6116
1.0364
1.3412
0.1127
0.9436
0.7607
0.3798
0.3112
1.0357
1.3385
0.6352
0.2994
0.3671
0.3534
0.5602
0.8558
0.4328
0.3926
1.0336
0.8769
0.4427
0.9952
0.1043
0.2926
0.5548
0.8882
0.3531
0.3641
0.6019
1.5843
0.1085
1.5511
0.1686
1.4439
0.5104
2.5054
1.1515
0.4106
0.6507
0.2118
0.3727
1.1287
0.3399
1.0985
1.0946
1.2110
0.7926
1.1957
0.6432
1.2630
0.1832
0.7243
0.0486
0.3772
0.7145
1.0332
0.3468
0.3132
0.3144
1.1730
0.5917
0.4905
0.9667
1.5815
0.0547
1.1230
0.5585
0.5654
0.7801
0.0849
0.6331
1.2623
0.5616
0.5095
1.3385
0.5349
0.1370
0.6519
1.5770
0.6119
0.4294
0.8250
0.4271
0.8327
0.6204
0.6670
1.3022
1.2660
0.8421
0.1419
0.1244
0.1887
0.6976
1.0824
0.5227
0.6067
0.4663
0.0845
0.3764
0.7216
0.1691
0.7091
0.3723
0.3747
0.6284
0.6660
0.7237
0.6542
0.3300
0.5100
0.1801
0.1034
0.8674
0.4922
0.4553
0.5898
0.9321
0.6060
0.3464
1.9124
0.8288
0.7204
0.2303
1.0086
0.6719
0.3899
0.1688
1.8372
0.3096
0.4992
0.6165
1.2562
0.4516
0.4026
0.4036
0.6566
1.1396
2.3269
1.0986
0.1979
0.6079
0.9604
0.2489
0.0609
0.2371
0.5902
0.1453
0.9794
0.8853
1.0395
0.6705
0.2897
0.1792
0.2634
0.1395
0.7891
0.6029
0.1836
0.6097
1.6166
0.4337
0.5909
1.7148
0.3211
0.3765
0.9742
0.2268
0.1179
0.7802
0.3536
