3.4310
3.1694
3.1679
2.7792
3.5019
3.6197
2.9317
3.1102
3.5724
3.1932
3.6667
2.9361
3.3626
2.8530
3.4165
2.8442
3.1066
2.8793
3.1471
3.3537
3.2028
3.2242
3.1175
3.2795
3.1928
3.2639
3.3892
2.8398
3.1384
3.3003
3.2582
3.0808
3.4004
2.9443
3.1817
2.9060
3.5189
3.1662
2.9145
3.2771
3.6462
2.9064
2.9619
3.5414
3.1464
2.8597
3.0596
3.0465
3.6707
3.0096
3.2662
3.4504
3.2031
2.9125
3.5221
3.3526
3.4787
3.0997
2.9822
3.0011
2.9647
3.3968
3.6355
3.2485
2.9937
2.6379
3.1514
3.5874
3.0340
3.5938
2.9284
2.9293
3.0917
3.4851
3.1511
3.0973
3.5172
3.2408
3.2931
3.0429
2.8703
3.1066
3.3332
2.9792
3.2018
3.1515
3.3553
3.1228
3.4821
3.2114
3.5173
3.0048
3.0438
3.2639
3.1267
3.2863
3.6601
3.1564
2.8594
3.0191
3.5330
3.6701
2.9073
3.1278
2.8526
3.3312
3.6568
3.9212
3.1134
2.8523
2.7971
3.3303
2.9968
3.4470
2.7153
2.8698
3.0569
3.4580
2.9701
2.9464
2.9097
3.1462
3.1470
3.3256
3.5529
3.3932
3.2398
3.3478
2.9860
2.9450
3.2803
3.2547
3.1370
3.4945
2.9584
3.4365
3.4388
3.2779
3.5002
3.3587
3.5238
3.1195
3.1823
3.3445
3.1149
3.6769
3.4853
3.2260
2.8698
3.3476
2.9756
3.3469
2.8203
3.2100
2.9781
3.1519
3.1498
3.3671
3.1765
2.9804
3.0816
2.9193
3.4047
3.3730
3.6018
3.3150
3.1078
2.8707
3.1131
3.1541
3.1678
3.2829
3.0848
3.1627
2.8382
3.2119
3.5800
3.3662
3.3473
3.1031
3.7452
3.2122
3.1564
3.0425
3.6187
3.6484
3.0333
3.2731
2.8227
3.7708
3.5684
3.0693
3.2617
3.3354
3.0966
3.4765
3.6380
3.2856
2.9472
3.6528
3.6433
3.4947
3.2189
3.3144
3.7032
3.5526
3.0952
3.5154
2.9333
2.9629
3.3491
3.1032
3.0809
2.9073
3.5927
3.3360
3.2070
3.2959
3.4270
3.1991
2.9857
3.1352
3.1616
3.2886
3.1294
3.2744
3.8506
3.2515
2.8766
3.1555
3.4624
2.8350
3.2158
3.5255
3.1683
3.2983
3.1772
3.6957
3.1617
3.1944
2.6589
3.2704
3.3478
3.1927
3.0119
3.0736
3.3819
3.3324
3.0994
3.8264
3.6838
3.2130
3.5418
3.2618
3.6613
3.6220
2.9599
3.4954
3.4007
3.3118
3.5065
3.2823
3.3446
3.0282
3.0163
2.9664
3.1879
3.0312
2.9479
3.0282
3.4594
3.0561
3.1719
3.1181
2.7333
2.8504
3.2442
3.2026
3.5367
2.9587
3.4292
2.8985
3.2892
3.3708
2.6966
3.2178
3.4564
3.0547
3.2392
3.2136
3.1153
3.4342
3.3498
3.1399
3.7409
3.6347
3.2106
3.1328
3.4663
3.3380
2.9270
3.3188
2.5965
3.3773
3.2682
3.2139
3.4948
3.7124
2.8866
3.2282
3.0262
3.5691
2.6342
3.1581
2.8322
3.2710
3.2676
3.3383
3.7188
2.6972
3.1979
3.5844
3.4207
3.2671
3.1469
3.0257
2.7373
3.5228
3.0933
3.2831
3.3144
3.3678
3.0368
3.5544
2.8862
2.9866
2.7255
3.4392
3.0391
3.0180
3.2578
3.4727
2.8489
3.7060
3.6891
3.4398
3.1052
3.1366
2.8642
3.6132
3.3117
3.1953
2.8327
2.9647
3.2844
3.3476
3.5870
2.9642
3.2912
3.2458
3.4261
3.2453
3.2980
3.3896
3.3193
3.1075
3.2670
2.8563
3.1629
3.2668
3.7552
3.5811
2.9498
3.3983
3.8134
3.2659
2.6457
3.0351
3.3411
3.3342
3.4033
3.6033
2.9936
3.5705
2.7991
3.3280
3.2848
3.0941
3.0927
3.4928
3.5819
3.0522
3.0388
2.9464
3.3542
2.9808
3.2156
3.1233
3.2629
3.3926
3.8728
3.3684
3.2397
3.3003
3.1958
3.4010
3.0545
2.8984
3.6283
2.6913
2.9821
3.5596
3.6283
3.1275
2.9609
2.9925
3.3483
3.1977
3.4633
3.2380
3.0299
3.1354
3.4022
3.2116
3.2102
2.7898
2.7688
2.8155
3.1991
2.8181
3.3334
3.2084
2.9598
3.0444
3.3066
2.8201
3.7408
3.2159
3.7188
2.8458
3.0396
3.3167
3.1476
3.1956
3.0934
3.1096
3.1416
3.4825
3.1939
3.2727
3.0722
2.8640
2.8755
3.3283
3.0288
3.0580
3.3978
3.0289
3.1494
2.5235
3.0774
3.3097
3.7926
3.1512
3.1622
3.2977
3.0546
