0.0826
0.0570
0.0458
0.1326
0.1366
0.1719
0.3582
0.1186
0.0565
0.1281
0.1627
0.0724
0.1020
0.3153
0.0636
0.0503
0.1847
0.3993
0.0587
0.1455
0.1086
0.0605
0.5306
0.1046
0.1824
0.1064
0.0610
0.0882
0.1475
0.1247
0.2102
0.1199
0.0909
0.0472
0.1575
0.2705
0.0683
0.1035
0.3602
0.1316
0.0767
0.2603
0.3970
0.0270
0.0727
0.1389
0.1498
0.0622
0.1183
0.5670
0.0865
0.5227
0.1598
0.6767
0.0750
0.1343
0.0413
0.1855
0.0665
0.0741
0.0737
0.1156
0.1589
0.0725
0.0940
0.0778
0.1463
0.3391
0.0856
0.0504
0.0804
0.3059
0.8388
0.0583
0.3082
0.0293
0.2863
0.1786
0.0781
0.0640
0.0537
0.3491
0.1554
0.0696
0.0314
0.1078
0.2881
0.0825
0.0720
0.2412
0.0371
0.1328
0.2504
0.0972
0.1481
0.0733
0.5767
0.2764
0.1813
0.0709
0.2087
0.0530
0.3273
0.1290
0.2032
0.1793
0.0989
0.0528
0.1020
0.1041
0.0666
0.3203
0.1136
0.2518
0.1672
0.0314
0.1251
0.0748
0.2070
0.2019
0.0425
0.0568
0.0352
0.2244
0.0944
0.0359
0.4643
0.0932
0.0571
0.0792
0.3189
1.3717
0.2360
0.1308
0.1157
0.0571
0.0908
0.0628
0.0572
0.1152
0.0572
0.0910
0.3279
0.1763
0.0889
0.1847
0.1617
0.1345
0.1443
0.0462
0.1406
0.1885
0.2286
0.2290
0.9080
0.0375
0.0871
0.1427
0.1004
0.0717
0.0898
0.1341
0.9475
0.0601
0.2521
0.0301
0.3143
0.0491
0.2166
0.3812
0.0852
0.0629
0.0530
0.2328
0.0545
0.0905
0.1798
0.0787
0.0538
0.0560
0.0871
0.0898
0.0395
0.1746
0.1041
0.0612
0.0979
0.0830
0.0624
0.1063
0.0771
0.2784
0.0542
0.0847
0.4554
0.1339
0.0471
0.1288
0.0965
0.0351
0.0567
0.0693
0.0796
0.1539
0.5509
0.7387
0.1996
0.0693
0.1700
0.1919
0.3285
0.0901
0.0532
0.0929
0.2067
0.2352
0.0615
0.0828
0.3234
0.0791
1.2454
0.0845
0.0904
0.0588
0.3571
0.0464
0.1177
0.1528
0.1076
0.0310
0.1857
0.2517
0.3271
0.0746
0.1061
0.1430
0.1266
0.0548
0.0852
0.1413
1.0360
0.0801
0.1578
0.1439
0.0590
0.4598
0.0902
0.8922
0.0304
0.4663
0.1020
0.1017
0.0829
0.0577
0.0813
0.1123
0.1692
0.1667
0.0966
0.1089
0.0729
0.0632
0.2125
0.1390
0.0568
0.1229
0.2335
0.1237
0.1807
0.0936
0.0432
0.1278
0.0472
0.1985
0.0446
0.0691
0.1541
0.0340
0.1601
0.2614
0.0708
0.0385
0.0470
0.3675
0.1087
0.0872
0.0205
0.2742
0.3048
0.0608
0.3010
0.2519
0.1136
0.0689
0.0731
1.8766
0.3527
0.0327
0.1526
0.2772
0.0391
0.0687
0.2823
0.2628
0.1016
0.4268
0.0781
0.1021
0.2379
0.3250
0.1104
0.0731
0.0925
0.0729
1.1437
0.0735
0.1471
1.2487
0.1721
0.1013
0.2177
0.2549
0.1079
0.3744
0.2093
0.0837
0.2734
0.2759
0.1339
0.2160
0.0603
0.1142
0.3263
0.0966
0.1394
0.0592
0.0490
0.0498
0.0170
0.1810
0.4810
0.3276
0.0467
0.3113
0.0619
0.4652
0.2407
1.6312
0.1704
0.0579
0.6797
0.2167
0.4077
0.0718
0.1724
0.0790
0.4710
0.0912
0.1033
0.2259
0.0662
0.0600
0.2439
0.3216
0.2060
0.3109
0.2374
0.0906
0.1526
0.0983
0.1002
0.2045
0.1506
0.2098
0.0283
1.4435
0.4529
0.1015
0.0572
0.2394
0.0558
2.2002
0.0579
1.0177
0.1119
0.1511
0.1095
0.0495
0.0827
0.0887
0.1097
0.1309
0.1018
0.0570
0.0882
0.1600
0.0479
0.3101
0.0796
0.1229
0.0791
0.1508
0.1278
0.1090
0.0864
0.2905
0.0919
0.0340
0.1009
0.0570
0.0608
0.0551
0.0764
0.0356
0.0344
0.2006
0.0525
0.2669
0.2599
0.0571
0.1771
0.1218
0.1113
0.1052
0.2458
0.0557
0.4258
0.0999
0.0472
0.0804
0.1638
0.0469
0.0593
0.1618
0.2020
0.0432
0.0280
0.0474
0.0858
0.1148
0.0664
0.4908
0.0788
0.0694
0.4499
0.1944
0.0350
0.1134
0.2395
0.3289
0.8429
0.1031
0.2381
1.1146
0.2486
0.0523
0.0347
0.0767
0.2259
0.1318
0.2078
0.1087
0.3417
0.4624
0.2839
0.1593
0.0669
0.0427
0.2999
0.0632
0.4350
0.1658
0.1334
0.3289
0.0735
1.1288
0.0967
0.0447
0.1724
0.0571
0.2826
0.3618
0.1859
0.0950
0.0838
0.0492
0.3923
0.3199
0.2937
0.0292
0.1081
0.1002
0.0389
0.1444
0.0429
0.3106
0.2054
0.1511
