3.1901
3.0640
3.2643
3.1752
2.8474
3.1003
3.2772
3.2194
2.9771
2.9265
3.2016
3.5772
2.6961
3.4053
3.0550
3.3214
3.2293
2.8869
3.1675
2.9074
3.0623
2.9070
3.1969
2.7702
2.8739
3.4447
3.2467
3.4425
3.5366
3.2926
3.0508
2.8411
2.9034
3.0428
2.7038
2.7668
3.2781
3.1990
3.2337
3.0455
3.1219
3.0924
2.8633
3.5959
3.2781
3.4337
3.1174
3.2074
2.8009
3.2197
3.1387
2.5280
2.7107
3.4670
2.9171
3.4989
2.7103
3.9214
3.0396
2.7499
3.2084
3.1687
3.0175
3.0158
3.7478
3.8359
3.4872
3.0261
3.1952
2.9683
3.1051
2.6508
3.1802
2.9371
2.8924
2.9096
2.9079
3.1483
3.7622
3.4103
3.3147
3.1956
3.5400
3.4482
2.7366
3.0820
2.9131
3.1252
2.8614
3.7061
2.8150
2.9745
3.3001
3.2539
3.0726
3.0125
3.1714
3.1316
3.4496
3.2861
3.5928
3.2981
3.2176
3.2858
3.2448
3.3504
3.1758
2.8840
2.9422
2.9243
3.4721
3.1678
3.5260
3.4035
3.7933
3.4859
3.0119
3.3072
2.7545
3.3031
3.5122
3.0701
2.9816
2.9395
2.9313
3.1829
2.9703
3.0102
2.7618
3.1505
2.6976
2.6838
2.5833
3.1144
3.1060
2.8801
3.2777
3.3458
2.8735
3.1151
3.5698
3.1656
3.0468
3.4974
3.2518
3.0516
3.2036
2.9761
3.2006
3.0305
3.1975
3.4993
3.3744
3.4207
2.8522
3.4538
3.4608
2.9672
3.0798
2.9862
3.0055
3.6254
3.2487
3.0752
2.9310
3.3520
3.0079
3.1500
3.2908
3.4638
3.0890
3.4132
3.2842
3.3237
2.6603
2.7714
3.4012
3.0495
3.1202
3.2560
2.8188
3.4468
2.9235
2.9053
2.5093
2.7673
3.1869
3.2911
3.4658
3.1001
3.2823
3.2275
3.0406
2.7006
3.3289
2.9536
3.2361
2.4731
3.4990
3.1088
2.9021
2.6437
2.9532
2.7308
3.1517
3.0395
2.8766
2.8709
3.8439
3.4660
3.2929
3.1828
3.5076
3.2032
3.5023
3.2755
3.2607
3.3644
2.7893
2.7197
3.2648
3.2692
3.1162
3.1800
3.2333
2.9513
3.2903
3.5877
3.0913
2.4543
3.3540
3.1770
3.0323
3.8314
3.4345
3.5551
2.9104
3.3623
2.7500
3.3893
3.3296
3.5213
3.5982
3.3082
2.7276
2.8366
2.9988
3.1451
3.2390
3.1142
3.2965
3.2050
3.3964
2.8707
3.2422
3.3331
3.6268
3.1974
3.0733
2.6328
2.8573
3.3462
3.2394
2.6477
2.8200
2.6789
3.0645
3.0934
3.4865
2.9005
3.6959
3.2247
3.2618
2.9892
3.2534
3.1272
3.0749
2.8305
2.9070
3.1971
2.8074
3.3203
3.2828
3.0352
2.9413
3.1711
3.4096
2.9630
3.0397
2.8272
3.4545
3.0719
3.1062
3.4154
3.0491
3.3129
3.4525
3.0996
3.2333
3.2946
2.9704
3.2520
3.1202
3.7889
3.1147
3.5222
3.0928
2.9121
3.4549
2.7181
3.2757
2.8649
2.5168
3.4350
3.3542
3.1719
3.3432
2.9447
2.8242
2.4562
3.0652
2.7889
3.4300
2.6229
3.5131
3.2330
3.6620
3.5600
3.1534
3.1561
3.4192
2.6480
2.4349
3.7765
3.0673
2.9623
3.3659
2.9791
3.6132
2.9247
3.5354
2.8728
3.0261
2.7379
3.2502
3.0668
3.2704
2.9451
3.4378
2.7575
3.2682
3.5418
2.9852
3.2345
3.0322
3.3400
3.2716
3.0074
3.4530
3.1708
2.8557
2.9459
3.2734
3.1550
3.0660
3.1108
3.1432
3.3738
3.4771
3.1824
2.9667
3.2327
2.8682
3.2635
3.2543
3.1446
3.3903
3.1311
3.1515
2.9017
3.1589
2.9938
3.0869
3.1645
3.4483
3.0035
2.8651
2.9072
3.0586
3.0782
2.9440
3.4077
2.7783
3.9765
3.3322
3.2552
2.8689
3.1282
2.9122
2.5201
3.6377
2.8249
3.2731
3.2538
3.0316
3.0771
2.9287
3.2025
3.2052
3.0573
3.0797
2.8408
2.9261
2.9940
3.1810
3.3668
2.9378
3.0980
3.0909
3.3819
3.4476
2.5911
3.4756
3.2041
3.3382
2.8746
3.2708
3.3110
3.3549
2.8124
3.1336
3.1557
3.3248
3.1762
3.1502
3.0789
3.6771
3.0259
2.9988
3.1458
3.3249
3.5908
2.9986
3.5404
3.4601
3.0654
3.0067
3.1558
3.1669
