2.9118
2.9425
2.6425
3.1113
2.4972
3.3732
2.6926
2.9821
2.1379
2.9880
3.3386
2.8067
2.6486
3.0996
2.5048
3.2689
2.4402
2.8879
2.8903
3.2739
2.5885
2.4802
2.9818
2.7356
2.9386
3.1090
2.7222
2.7631
3.2136
2.7294
2.8322
2.9227
3.2051
3.2221
2.4745
2.6273
2.0879
3.2439
3.2626
2.8550
3.1405
2.8473
2.8918
2.9071
2.9709
2.9847
3.0273
3.3301
2.8603
2.6514
2.9597
2.5487
3.0933
3.0699
3.0913
2.7401
2.5652
2.9121
2.9623
2.8133
3.0592
2.8301
2.7014
2.4222
2.8569
2.9292
3.6745
2.7366
3.3288
2.7305
2.7912
3.0271
2.3612
3.1155
2.4813
2.3537
2.9547
3.1756
2.9419
2.9851
2.5226
2.7213
2.7374
2.9441
2.9187
2.9422
2.7364
2.6289
2.9009
2.8801
2.6417
3.0617
2.5991
3.1043
2.5758
3.3017
2.5305
3.0576
3.0961
3.1025
2.4928
3.3686
2.9542
3.0851
3.1146
3.1401
2.4279
2.6324
2.7913
3.1635
2.2469
2.3236
2.3287
3.6506
3.3650
2.8709
2.2163
3.0332
2.8514
2.5995
2.8391
3.1086
2.8821
2.9248
2.8736
2.5233
2.8789
2.7835
3.3748
2.7304
2.3128
2.9349
2.5117
2.8601
2.9067
2.7510
2.7938
3.1425
3.3752
3.1134
2.9046
2.5103
2.8795
3.3078
2.9450
2.4903
3.0640
2.6613
2.9464
2.8719
2.9932
2.9942
3.5089
3.0507
3.2021
2.7481
3.2168
3.1088
2.2011
2.7961
2.9053
3.2133
2.9464
3.2986
2.6748
2.8881
3.4279
2.2383
2.8497
3.0549
2.8419
2.6939
2.5439
3.1579
2.6561
2.4401
3.2389
3.5279
2.9851
2.6607
2.8686
2.7632
3.0456
2.9844
2.6735
2.7810
2.8885
3.2799
2.6410
3.0667
3.1496
3.1991
3.1272
3.1222
2.6620
3.0359
2.8403
2.2831
2.6283
2.9342
3.0939
3.3741
2.5998
2.9957
2.8800
3.1044
3.1297
3.0432
3.2434
3.0653
3.5142
2.9809
2.4142
2.6355
3.2673
2.9317
2.9877
2.9022
2.8891
3.3016
2.6036
2.8929
2.5063
2.9789
3.3207
2.7686
3.3233
2.3702
2.5194
2.4572
3.4465
3.3032
2.6629
2.7560
2.8030
3.4772
3.0070
2.9505
2.5127
2.7990
2.8323
2.7931
3.0367
2.6753
2.9762
3.3062
3.2232
2.9392
3.1695
2.7669
2.8600
3.1315
3.5762
2.6919
3.4238
3.0019
3.0537
2.6149
2.6276
2.6170
3.3812
3.0584
3.2119
3.7786
2.6310
3.0880
2.4948
3.1963
3.0643
3.0251
2.8955
2.5861
3.1137
2.8074
2.5075
2.1482
3.1629
2.6584
2.5041
3.1324
3.0080
2.8860
3.4558
3.2249
2.8793
2.6252
2.8222
3.0138
2.5113
3.0207
3.1711
3.4486
2.4814
2.3092
2.8334
3.2243
2.5764
3.2515
2.7796
2.4374
2.9361
2.8073
2.7904
2.7795
2.6628
3.0579
2.9129
2.7933
2.6345
3.1339
3.2494
2.8470
2.6815
3.0346
2.0755
2.4242
2.7700
3.1076
3.3934
3.1576
3.0366
2.5286
2.8482
3.2487
3.4015
2.5246
3.3040
2.9725
2.9796
2.8266
2.4842
2.8105
2.6671
2.7125
3.4331
2.7940
2.9428
2.6223
2.8973
3.2649
2.5954
3.1430
2.9307
2.9256
2.8871
3.2750
2.5548
2.4913
3.0606
3.0418
2.6992
2.6636
2.1172
2.8265
3.1310
2.5063
2.7980
3.0721
3.1738
2.5912
2.7443
3.0667
2.9865
2.5595
3.2771
2.8329
2.9179
2.9806
2.7583
3.0381
2.9695
2.6917
2.9990
3.4734
2.9788
2.8325
2.9679
3.2007
3.0373
2.8707
2.6942
2.9154
2.7012
3.1277
2.6807
2.7828
2.9535
2.6012
2.6412
3.0777
2.5047
3.3006
2.5988
2.7525
2.6365
2.6841
2.7923
2.4245
2.9437
2.9874
2.8627
2.5811
2.3398
2.4201
3.2212
2.7901
2.9143
2.9109
2.7869
2.9525
2.7939
2.7234
2.7416
3.2884
3.0396
2.9270
3.0061
2.8527
2.7913
2.4023
2.8672
2.7265
2.5734
2.4250
2.5427
2.5232
3.2461
3.1224
2.5706
3.0732
2.9478
3.0464
2.5958
2.5237
3.7219
2.8602
2.6247
3.0980
3.1995
2.9530
2.5557
3.3227
3.1538
2.9226
3.0268
2.8315
2.8164
3.1750
3.0149
3.0322
2.9867
2.9201
3.0848
3.0915
2.5871
3.2088
2.5778
2.4930
3.2895
2.5530
2.4631
2.8309
3.3694
3.4696
2.6176
3.2436
2.5363
2.8883
2.9579
3.2426
3.2042
2.7104
2.9329
3.1897
2.5814
