1.6190
1.3724
1.9516
2.1703
1.7826
2.4306
1.8676
2.0388
1.1306
2.4057
2.5098
1.5002
0.9256
1.4706
2.3172
2.0690
1.7038
2.0103
1.9896
2.6233
1.6862
1.8617
1.5692
2.2521
2.7712
1.8146
2.3157
1.2474
1.1507
2.3887
2.1655
1.9395
1.7814
2.2592
1.6132
1.8652
1.8720
1.6041
2.7839
2.0043
1.7625
2.0514
1.7490
1.3869
1.4495
1.9515
1.7894
2.1605
2.3228
1.6617
2.4808
2.5381
2.0014
1.7620
2.7492
2.1981
1.8973
2.0066
1.7155
2.4544
2.7206
2.0807
2.1139
1.9370
1.9745
2.6290
2.5344
2.1592
1.8796
2.9858
1.6826
2.4153
2.5459
2.1449
2.1825
2.3432
2.0784
2.3237
1.7364
2.7742
2.0582
2.2190
1.9800
1.9464
2.5416
1.6994
2.1165
1.5989
1.5017
1.8512
2.1805
2.1472
2.2907
2.4722
2.1046
2.2350
2.3531
1.7900
1.1382
1.9013
2.2049
1.7429
1.3994
1.9511
2.5718
2.7820
1.4932
2.8677
2.6356
1.8796
2.9873
1.8331
1.9601
2.6175
1.5657
1.7684
1.9006
2.4217
2.1713
1.8543
2.3607
2.5745
1.9057
1.6808
1.7524
1.5673
1.7793
2.4763
1.5832
2.1390
2.6353
1.2011
2.2578
1.5462
2.6846
2.7158
2.1910
1.6031
2.3470
1.5709
2.2212
1.5246
1.7705
0.9551
1.7775
1.8079
2.1421
1.5515
1.9098
2.1627
2.9014
2.9957
2.0308
2.3829
1.5581
1.8042
2.1448
2.4628
2.0367
1.6287
2.2198
1.7286
2.4617
2.4591
2.2690
2.0319
1.8082
1.8000
3.1212
2.2760
2.6958
2.6207
2.0820
2.3214
2.6187
1.2000
2.4381
1.8205
1.3109
2.1502
1.7105
2.8442
1.3449
1.8568
1.1523
1.0599
2.0163
1.5117
1.0242
1.9380
2.5892
1.3175
1.7293
1.7011
2.1393
2.3146
2.0268
1.9118
2.7754
2.1299
2.2676
2.7090
1.9092
1.6804
2.4517
2.4936
2.1814
1.8248
2.6912
2.2011
1.7191
2.5185
1.8587
2.0436
2.4469
1.5309
3.1825
1.9545
1.2900
1.4989
1.7748
2.4261
2.6102
2.2242
2.3018
1.6974
2.8347
2.7954
2.6734
1.9533
1.4426
1.5936
2.5786
1.8945
0.9757
2.1385
1.3739
1.9524
2.0025
1.5441
2.4975
1.5377
1.6539
2.1300
2.6540
2.8953
1.4135
2.0238
2.4661
1.8335
1.8204
1.9349
2.9300
2.1765
2.3548
1.8946
2.8560
2.0359
1.5208
2.2219
2.3915
2.1249
2.1282
2.4958
1.6046
1.4000
1.8639
3.2046
1.3195
1.4477
2.4673
2.8914
1.9714
2.1356
2.2512
1.8633
2.0067
1.8446
2.1240
2.8700
2.1717
1.2121
2.1094
2.0737
2.4866
2.1058
2.7298
2.0621
2.4330
1.8126
1.4897
3.7560
1.3811
1.2500
2.3828
2.3415
1.7008
1.8297
1.6674
2.2687
1.7558
2.0714
2.2431
1.8399
2.1149
2.2069
1.8461
1.4473
1.3079
1.5537
2.0664
1.6268
1.9766
1.7767
0.8557
2.0034
2.9303
1.4874
1.5733
1.7585
1.4083
1.5181
1.7902
1.8981
1.7504
2.1881
2.2947
2.0421
3.0105
2.1045
2.2877
1.9833
2.2503
1.7515
1.7792
3.0186
1.4568
1.9519
2.0764
3.1805
1.8105
1.7220
1.8512
1.8803
2.0392
2.0857
1.8421
1.9761
2.0285
2.3151
2.5805
1.7785
2.2515
2.2543
1.7170
1.8300
2.1989
2.0900
2.1761
1.8904
2.4348
1.6984
1.5556
1.8559
1.2775
2.8545
2.2556
2.1086
2.1115
3.1738
2.7361
1.7486
1.8596
1.6535
1.9918
1.7832
1.7467
2.6003
1.7459
2.6072
2.3502
1.6818
1.9749
1.4140
2.1172
1.5882
2.2050
1.8075
3.5151
2.7287
2.5729
1.9630
2.1410
2.4074
2.6596
2.7679
1.9560
2.0692
1.7923
1.8305
2.0707
1.5192
2.7111
1.8172
1.4478
2.0338
1.9507
1.9486
2.0670
0.9608
1.7773
2.0150
1.8352
1.7751
1.4068
2.1963
1.9821
1.6731
1.5526
2.1590
1.8254
2.7194
1.8492
1.4830
2.5501
2.1226
2.5218
2.5421
3.1346
2.4473
2.3926
2.5276
1.9210
1.1079
1.7678
1.6370
2.0361
1.7673
2.1952
1.2015
2.2858
2.1707
3.1778
2.0781
1.3283
2.2592
2.8740
2.3518
1.9105
2.0961
2.1683
2.1065
1.6575
