2.9560
2.8472
3.3039
3.0059
2.9095
2.7566
3.2689
2.8661
2.6349
2.8936
2.5883
3.0325
3.6885
3.2168
3.2555
2.3476
2.9311
2.5725
2.6264
2.6565
3.1276
2.9862
3.1982
2.8178
2.9499
2.3941
3.3354
3.1084
2.7949
3.2553
3.5141
3.2687
2.8466
2.8210
2.9616
3.0061
2.6149
2.6152
2.7423
3.3082
2.6050
2.7344
3.3140
3.3796
2.9797
3.3648
2.8890
2.6596
2.8688
2.5881
2.8220
2.8384
3.3032
2.8439
2.3417
2.9108
2.8255
2.9247
2.5279
3.1850
2.8287
3.0887
2.6382
3.0130
2.9570
3.0865
2.3845
2.7738
3.1845
2.9233
3.0303
2.9386
3.5517
3.1861
3.3306
2.8600
2.6850
2.8818
2.5656
3.1621
2.7080
2.6761
2.9708
2.6304
2.8234
3.0765
2.8566
3.1611
2.8462
3.4724
3.2047
2.6418
3.2119
3.0294
2.9303
3.0950
3.0907
2.8103
2.9690
2.9143
3.2070
2.9039
3.1325
2.8442
2.7219
2.9038
2.8447
2.7976
3.1062
3.2409
3.0293
3.5486
2.7705
3.1410
2.8240
3.6520
2.9962
3.0162
2.8623
2.7148
3.0314
2.9801
3.1888
3.2487
2.9465
3.1730
3.0407
2.5895
2.7821
2.6538
3.3068
2.9428
2.4595
2.9875
2.9644
3.1318
3.0863
3.1698
3.0558
2.7517
3.2579
3.2042
3.0847
3.2328
3.2290
3.6726
2.9038
3.3071
3.1463
3.2746
3.1754
2.6967
2.6422
3.1557
2.7123
3.1736
2.9549
3.1676
2.4989
3.0288
3.2434
3.1426
2.9168
3.0646
2.8973
3.3805
2.6190
3.1075
3.4863
2.8652
2.5885
2.6415
3.0411
2.8374
3.3326
2.9088
2.9831
3.5285
2.7881
3.2257
3.1369
2.8369
2.9770
3.0729
3.1840
2.7715
2.9415
2.5200
2.6865
3.3046
3.2183
2.7816
2.7487
2.7295
2.9806
2.9850
2.3012
3.4220
3.0445
2.5736
2.8517
3.1187
3.2485
3.4329
3.1711
3.4861
2.9605
2.8610
2.6637
2.8375
3.4603
2.6974
2.8441
3.0107
3.1077
2.7719
3.1244
2.9365
3.1104
2.8273
3.0241
3.0559
2.9433
3.5589
2.9332
2.6632
2.5224
3.1810
2.9088
2.8370
2.7940
2.8063
2.8048
2.5926
3.0189
3.0126
2.7087
2.8207
3.1981
2.9294
2.9062
2.9695
3.3820
2.7670
2.7913
2.6982
2.9751
2.8565
2.9854
2.8846
2.5418
3.0574
2.5822
3.1389
3.4453
3.3708
3.0776
3.6511
2.7315
3.0432
3.3894
2.9872
2.3273
2.4950
3.1104
3.0462
2.7677
2.9060
3.0035
2.6651
3.1362
2.9348
2.9864
3.3582
3.1025
3.4898
3.6700
2.7769
2.6194
3.0863
3.3146
3.1523
2.9392
3.0886
2.9469
2.7646
3.3706
2.9505
2.7417
3.2856
3.6416
3.2236
3.3908
3.0487
2.3486
3.0922
2.8280
2.4313
3.6127
3.1672
2.6143
2.7020
3.1455
2.7794
3.0912
2.8071
2.5295
2.4597
2.6386
2.9404
3.3138
3.2408
2.6800
3.1426
3.2126
3.0523
3.0834
2.8830
2.4651
2.7275
2.9178
3.6038
2.9997
3.1493
2.9990
3.4975
3.0695
2.8048
3.4737
3.3163
3.4644
2.8749
2.9502
2.8513
2.7474
3.5439
2.9574
2.6374
2.5528
3.0586
3.0281
2.8425
2.9035
3.1487
3.0234
3.0131
2.4767
3.0680
3.0544
3.4974
2.4989
2.5418
2.5219
3.0272
3.2509
3.2005
3.4188
3.1624
2.8448
3.5130
2.6243
2.9190
3.3321
2.9256
2.7462
2.9062
2.5540
3.5496
3.2173
2.9842
3.2407
2.6310
3.2306
3.0863
3.0863
2.9921
3.3429
2.9428
2.9870
2.5375
2.9826
3.1252
3.3619
2.8948
2.7479
3.3852
2.9323
2.8619
2.9775
3.0664
2.7164
3.1116
3.2510
2.8220
2.9343
3.0467
3.6610
2.3674
2.8881
3.1152
3.2610
2.8165
2.7991
3.0902
2.4843
3.2715
3.1054
2.8363
3.1514
3.4014
3.3499
2.7313
3.1749
2.7832
2.3169
2.6728
2.9891
2.3703
3.1005
2.6827
2.5995
3.3415
3.2513
2.6876
2.8155
3.2083
3.0621
2.9410
2.5244
2.9434
2.9649
2.7036
2.6001
2.9283
2.8912
3.0809
2.8398
2.8301
2.8686
2.9403
3.2195
2.9034
3.4605
3.2206
2.6471
2.9911
3.2475
2.8901
3.7519
2.8143
2.6700
2.9291
3.8219
3.1433
3.2341
2.9503
2.9433
2.7213
3.5434
2.9624
2.4500
2.9889
3.1183
2.9112
2.8860
2.7694
2.9083
2.8907
3.1619
3.2309
3.1017
2.3462
3.2886
3.1422
3.1815
3.4359
2.7172
2.7459
3.2725
2.8703
2.9443
2.6930
3.0219
2.7851
3.0795
3.3029
3.1187
3.1958
3.4976
2.8746
3.6619
2.9653
2.9683
2.8422
2.9128
2.7361
2.7891
3.1937
2.7293
3.2644
