0.1177
0.2637
0.1566
0.6477
0.0458
0.4503
0.4462
0.1998
0.2258
0.1276
0.1249
0.1867
0.5435
0.0726
0.3707
0.3505
0.4344
0.0781
0.0922
0.3523
0.6282
3.0059
0.1043
0.2150
0.3053
0.1775
0.3189
0.1183
0.5783
0.0747
0.6022
0.5748
0.3474
0.1957
0.2357
0.1306
0.2679
0.0687
0.9013
0.1369
0.2661
0.2215
0.4441
0.1776
0.1610
0.0397
0.4134
0.3389
0.2790
0.1298
0.1444
0.5841
0.8148
0.5394
0.2737
0.0955
0.3707
0.0419
0.3932
0.1203
2.5620
0.3000
0.1646
0.5451
0.6648
1.1527
0.0450
0.0686
0.0739
0.1930
0.6165
0.5259
0.5908
0.9619
0.2964
0.1158
0.2035
0.1694
0.2586
0.2612
0.1212
0.1363
0.1875
0.1739
0.2726
0.3918
0.0424
0.2387
0.6561
0.1126
0.2231
0.7574
0.0588
0.0512
0.1623
0.2424
0.0901
0.3153
0.0385
0.1624
0.1054
0.2245
0.4258
1.0033
0.1895
0.8157
0.2142
0.2709
0.5843
0.3840
0.0741
0.5439
0.2179
0.1274
0.3419
0.2470
0.2453
0.0976
0.4725
0.2154
2.3378
0.0980
0.2764
0.4725
0.1083
0.6445
0.1143
0.1240
0.3700
0.5732
0.2492
0.1294
0.1568
0.2164
0.0506
0.1345
0.3341
0.3508
0.1042
0.2222
0.4273
0.1355
0.2705
0.0834
0.5270
0.1454
0.1373
0.0931
0.2634
0.1931
1.2094
0.3640
0.3871
0.5568
0.1455
0.2455
0.4570
0.0270
0.1943
0.4625
0.8271
0.4785
0.3206
1.5375
0.1827
0.1518
0.8667
0.5928
0.0830
0.2452
0.5347
0.1136
0.0925
0.3125
0.2065
0.1452
0.1423
0.4245
0.2510
0.0459
0.1771
0.4095
1.6298
0.0681
0.2072
0.2774
0.2917
0.3210
0.3164
0.4655
0.2025
0.2467
0.5687
0.0390
0.0789
1.1731
0.8305
1.2839
0.0894
0.3044
0.2640
0.5160
0.1904
0.2796
0.7553
0.0413
0.1451
0.2560
0.0643
0.1657
0.8667
0.5512
0.3867
0.1121
0.1154
0.1804
0.1381
0.1806
0.3007
0.1140
0.2949
0.4217
2.3015
0.2542
0.7400
0.0788
0.6232
0.2264
0.0439
0.0683
0.1212
0.4929
0.1001
0.1590
0.3867
0.1729
0.3330
0.1380
0.2667
0.4945
0.1792
0.1032
0.7040
0.0573
0.1291
0.0870
0.2436
0.1163
0.7712
0.3505
1.7536
0.1748
0.0863
0.0517
0.2793
0.0631
0.1838
0.1214
0.1561
0.6216
0.1753
0.1706
0.2331
0.2379
0.2623
0.2877
0.5964
0.0870
0.5201
0.2326
0.2633
0.4523
0.5124
0.6315
0.1653
0.3198
0.1987
0.2832
0.1573
0.1396
0.1336
0.1482
0.0889
0.2558
0.4591
0.2336
0.2774
0.1734
0.5553
0.1253
0.1910
0.4786
0.0764
0.6991
0.0307
0.2975
0.6365
0.0786
0.4430
0.0260
0.1722
1.0782
0.0358
0.1032
0.4370
1.1476
0.0640
0.6468
0.2517
0.3251
0.1363
0.3605
0.3440
0.0900
1.2036
0.8312
0.1007
1.1681
0.1853
0.4790
0.3087
0.1348
0.4114
0.0488
0.4694
0.1011
0.4335
0.2985
0.8030
0.1814
0.3365
0.4563
0.1233
0.7484
0.2591
0.1615
0.4076
0.2392
0.7198
0.4898
0.3105
0.2164
0.1316
0.4600
0.1609
0.1895
0.9305
1.0917
0.0358
0.2279
0.0614
0.0830
0.1153
0.8590
0.1535
0.0388
0.1703
0.4351
0.1837
0.3317
0.2247
0.2488
0.1229
0.2382
1.4258
1.4383
0.1232
0.6714
0.1383
1.8445
0.2305
0.1396
0.0791
0.4798
0.0788
0.2836
0.4343
0.1028
0.2103
0.1964
0.0918
0.0898
0.6718
0.2546
0.7678
0.3579
0.5312
0.4014
0.1120
0.4585
0.1846
0.5314
0.8266
0.5676
0.6860
0.1173
0.1034
0.0549
0.0780
0.2290
0.1934
0.2049
2.4432
0.1216
0.2316
0.1519
0.0900
0.2460
0.1133
0.3556
0.0626
0.1467
1.2049
0.0913
0.6044
