2.7975
2.6461
2.4468
3.3362
2.9761
2.9140
2.9370
2.8473
2.1629
2.6900
2.9818
2.9126
3.5385
2.8061
3.1796
2.8807
3.0928
2.7388
3.0151
3.3005
2.8194
3.5733
3.2577
2.6477
3.0008
2.8216
2.7348
3.2340
2.9175
3.0159
3.2313
3.0565
3.0607
3.0856
3.1876
2.8797
2.5922
2.9570
3.1031
3.0231
2.8477
2.4312
2.9607
3.2124
2.9450
2.4905
2.6276
2.4283
2.4673
2.6627
2.5933
2.8312
2.9035
3.3322
2.6477
3.0776
3.2600
2.7466
2.7580
2.8492
2.5841
3.2422
2.8017
2.6814
2.3464
3.3847
3.1120
2.7068
2.4739
2.8675
2.7698
3.6847
2.9595
3.2487
2.4365
3.0001
3.0908
3.0105
2.5044
2.8700
2.5092
3.3675
2.7363
3.0904
2.8533
3.1691
2.8010
3.5121
3.0524
3.1554
2.8244
2.7297
2.9019
3.3043
3.1246
2.7190
2.8998
2.7972
2.7340
3.1383
2.7857
3.0635
2.8710
3.1298
2.9398
2.5342
2.5865
3.0119
3.0728
3.2190
2.7664
2.9027
3.2226
3.1058
2.3923
2.6982
2.9287
2.9073
3.1023
2.7014
2.9331
3.1813
2.8996
2.9945
3.1128
2.7307
2.6124
3.2024
2.8205
2.7674
2.6504
3.0959
2.5272
3.0244
3.0585
2.6499
2.9285
3.6271
3.3021
2.5233
2.7370
2.3632
3.1266
2.5757
3.0224
2.6071
2.8353
2.9277
3.1430
3.0870
2.9929
3.0077
2.9143
2.9348
2.8138
3.0250
2.6371
3.1408
3.2042
3.2754
2.7437
2.6399
3.2289
2.9333
3.3503
3.0756
3.2806
2.5726
2.9243
2.7763
3.3674
3.0462
2.6425
3.0027
2.8819
3.0000
3.2251
2.7223
2.4333
2.8195
2.5876
2.5991
3.4574
2.6487
3.0627
2.8719
3.0844
2.6883
2.7315
2.9091
2.9369
3.4756
2.7061
2.8269
3.1630
3.1137
3.7185
3.2246
2.7842
2.8640
2.8911
2.7970
3.1147
2.8560
3.1990
3.0112
2.8484
3.1286
2.8346
2.9211
2.9846
2.5466
2.7986
3.0831
2.8836
2.5536
3.0195
2.6266
2.9827
3.1679
2.7931
2.6569
2.6458
2.8323
3.0925
2.8420
2.9369
3.1585
2.9119
2.6629
2.9729
2.7596
2.5964
3.0883
3.1668
2.8216
2.6457
2.8170
2.6759
2.9081
3.2399
2.6714
3.1442
3.7568
3.3665
3.0815
2.9776
2.6053
2.7556
2.9442
2.7987
3.2464
3.2368
2.7921
2.7658
2.7603
2.8284
3.1785
3.1877
2.9543
2.9090
3.0309
3.2940
3.0702
2.7773
2.8576
2.7630
2.8943
3.4674
3.1160
2.4894
2.9987
3.1321
2.8663
2.7217
3.0261
2.9232
2.5869
2.6108
2.9470
2.5500
2.7865
2.9499
2.8967
2.7378
3.0572
2.9020
3.1782
2.6197
2.9174
3.4772
3.0357
3.3436
2.7990
2.9039
2.9004
2.6168
3.2265
2.3654
2.6713
2.7343
2.9549
2.9802
2.5309
2.4020
2.8536
3.4607
2.8252
2.7101
3.1288
2.6493
2.9943
2.8349
2.9637
2.7614
3.2050
3.3319
3.3034
2.6345
2.6249
2.9391
2.6951
3.2337
3.3902
2.6149
2.8951
2.9970
3.2644
2.4598
2.6008
2.9911
2.8477
2.3588
3.1185
3.2767
3.3688
3.1564
2.6273
2.9930
2.6124
3.0167
2.5790
2.8209
3.0172
2.5638
2.7349
3.0404
3.1311
4.0768
3.1303
3.1872
3.1537
3.2092
2.8364
3.2731
2.7433
2.9015
3.0793
2.3827
2.6127
2.6642
3.0924
3.0248
2.7756
3.0770
2.9177
3.4215
2.9604
2.8197
2.9672
2.8121
3.0685
2.4914
3.0255
2.9482
3.1819
3.0162
2.8541
3.0353
3.0715
2.9576
2.7488
3.5164
3.0748
2.5794
3.1334
2.5155
2.8667
3.2487
3.0811
2.9995
2.9220
2.8985
3.0165
2.9261
3.3944
2.7367
2.9878
3.2308
3.0025
3.0404
2.8058
3.0841
2.7186
2.7985
2.7737
3.1631
3.0948
2.4311
3.2675
3.1361
3.0267
3.2949
3.1812
2.4561
3.2559
2.9562
2.7604
2.8482
3.0153
2.6292
3.1593
2.7025
3.1655
3.2005
2.9061
2.7958
3.0483
2.6777
3.0852
2.8634
2.9446
2.7884
2.9106
3.4607
2.6787
2.4894
2.8302
3.2926
3.2191
2.9017
2.8896
2.9678
2.5040
2.7496
2.9892
2.9010
3.5649
3.1103
3.4260
2.7062
2.9656
3.0959
2.7712
3.1990
2.8308
3.0473
2.6844
3.4307
2.6549
3.2282
2.3071
3.0841
2.6832
2.8319
3.5426
3.0199
3.2936
2.9936
2.6008
2.9170
2.6159
3.0364
2.9745
2.9956
2.9957
2.8879
3.0111
2.9413
3.2243
2.6986
3.0492
3.1658
3.6060
2.8681
3.3106
2.6216
2.8317
3.3363
2.6427
3.2677
3.0737
2.4838
2.6812
2.7559
2.9551
2.4252
2.8227
3.4514
2.8921
