744.1252109806792 -902.6690995138413
-862.6783777525251 840.9014404087256
848.9718921914339 -281.84322212151744
-46.17803663023642 -459.47428552052384
-638.8080721396816 380.9769227384272
-854.8905585057414 118.1481828270164
-176.0704753453333 251.61208279809512
449.398538520835 -330.55303046519805
743.0742907641206 -123.13327020016709
746.263950525396 -241.66168582164448
450.86667869920643 -862.3488033154456
703.9081101446968 -339.82881471043265
-405.43339897761416 593.7738501790438
261.0095124510483 29.720688369940945
662.0053825372786 678.7188373375079
-166.536199036315 -56.12174363587701
-140.7933154092451 -957.5156034808525
772.699974953935 -816.3336140670143
-412.91736461986113 315.26898896561806
-75.92126353653987 -564.8756700949236
543.7209116819151 807.0120803315699
-521.6976068111319 -681.1382390044716
-275.8698490642432 559.5924240702045
350.42313541111844 -60.73604553429425
-546.5957998182354 571.3891584931905
957.3859137212307 447.9933089568606
-839.54231357955 10.977423870128291
-374.79169995438053 611.1969709161895
401.4549472144902 -302.47057759558027
-247.93551346960885 735.1572604114842
-732.999871497382 -574.0013363456392
-541.9702911676411 -191.40787046329
-58.820266647560175 -118.421854918539
-555.8799752504233 678.6474189386897
-606.4858795446357 -621.3662841859444
652.4393489983008 927.2634422718388
-160.5066383585148 -876.9152197628475
134.41471053419082 -635.0013291302039
678.0130950041032 -225.62608556042858
829.2282852594042 -326.8840263128843
-230.4203543847168 -565.1094440813031
-655.651578895247 195.5798258075813
341.16218704182324 994.5127659462623
603.3543827352516 801.5688950335978
-97.86934920413933 852.0491052510488
-312.8698999744428 -489.76716651386766
-200.16841861769421 -271.6512435596235
413.62759818409836 110.34021794680393
365.3338430418587 91.87928999049609
-58.30445651978118 -283.6310765746033
390.26296542826753 -696.8718521243577
-974.2697240833056 -947.3179171700403
-439.2871861625216 494.0228026789737
433.9999733866555 -803.5701592122697
828.7634987292959 -743.5766362080003
839.3004015099111 915.1979477727416
-712.8798600151381 167.0351631788369
-731.9064144076478 -342.02483145711176
878.0439704896278 581.0745127147591
85.49509899217264 628.8431764905556
-28.461851051111466 982.6908032784827
-881.7781189281997 916.5981276468849
-539.4796570744553 194.71804110620428
697.9408745506744 -475.7179732651417
716.2019941781539 926.5718863081968
155.47576104297195 -218.01749240545814
-644.8337348871446 -731.7364292634294
406.3388658249801 128.20097241838812
-941.0956622782085 -633.5869625606779
-482.8817246535351 204.26522470495934
-914.2389505361559 -133.27835493027408
-743.9691902325523 -528.5466864254147
101.96054439510908 -745.3100462575468
-778.0262580228925 469.931343394265
-451.455146512395 -186.4465231474477
359.5971790998085 61.012523766306
-771.0789139509353 751.0407100397831
-964.598899065245 -624.6024808979307
-896.9551465023125 721.5498793303288
-851.5767458694938 -546.4374429507666
-103.42300388944147 144.50324361165417
687.6261660259406 29.852597405581264
-393.45592817017416 -946.5199830061013
-184.49622741956273 -991.9880796924057
-213.9036381834287 380.6044214382971
732.6387227942498 26.5854511652351
-105.9043430255864 63.546630313221385
-448.197670513911 873.2376811846573
202.01603374418778 -208.68898174195817
-501.1711692534704 -457.7979844221376
-310.1310872843703 804.1517653937583
638.3906492623457 987.9568590635911
-459.00419826877715 -486.98676732194724
-538.7396379407246 281.1479154567803
-902.21156010725 -424.9037128935977
-989.6549966876154 657.3147470912406
677.8660343030058 407.21424021600615
335.86914275213485 -379.09046376081324
957.0015014320666 335.6054907517653
925.5080923280068 214.68518351193006
