1240.304485465550
1237.0519955746014
1277.4736182115998
1264.679482817025
1348.4585857938610
1324.259110520661
1302.241360665075
1294.837374412189
1331.061964804198
1319.8897569796896
1235.798797521757
1319.725346250413
1339.090393607469
1239.601850252319
1312.9043898495794
1288.275174863969
1305.303144323867
1324.410676224724
1307.637710294237
1218.585799381675
1329.877657610120
1323.757692496994
1363.773611772209
1321.296264318455
1351.060947997203
1369.596185983641
1268.628964611006
1281.202123743324
1249.432665038238
1327.147951088611
1338.173176194902
1362.3313821475862
1355.238938476340
1229.114856065161
1281.120456971608
1323.759713352000
1333.7101498955596
1350.023565131368
1385.234051136189
1317.476903363742
1315.481817190177
1352.040720181677
1276.304874646828
1371.384350889814
1298.297752184746
1273.654457729740
1249.954448852539
1297.046716278167
1296.5752986825380
1299.825362791608
1321.127407395280
1295.590127542054
1192.982092959525
1253.904022237359
1250.2671407203526
1285.647847951555
1342.819871467512
1357.6055493998540
1348.936752667993
1313.929832598981
1256.7488941546026
1345.944582194294
1294.7522819851298
1336.929484276146
1310.124629860987
1285.0445204396116
1293.712466246813
1257.363711238502
1293.127987323245
1333.3960025111100
1388.885426250024
1341.023421527269
1274.456845573887
1359.702775181866
1291.481937264935
1268.4414743692392
1258.716824726573
1229.779084237898
1335.194717142038
1284.406619137354
1320.221397994202
1287.986611585935
1331.319838259086
1320.860217135283
1318.393488748135
1320.279413647125
1246.0319906775448
1239.555098095540
1345.008273364101
1323.679379292508
1269.928081054752
1327.398079900650
1295.8148810562674
1279.004775364064
1383.067135364543
1242.5808329701164
1305.596759194346
1360.897776464488
1325.0535239312720
1322.208192245737
