4.1192
3.7520
3.6791
2.2423
3.1575
3.4818
3.2304
2.6022
3.1994
3.4044
3.5915
2.8322
2.3004
3.4245
3.2254
3.3955
2.9492
3.0474
2.2680
3.0387
3.6321
3.7898
3.3230
3.4968
3.8454
2.9208
2.9135
2.8036
2.7570
3.0788
3.8567
3.6035
2.0516
2.7645
3.1879
3.1576
2.6588
2.9277
3.6754
3.3642
3.3424
2.5811
3.4868
3.6990
2.6164
3.1256
3.4733
2.9836
3.9643
2.9365
2.5183
3.1536
3.3703
2.9682
3.0819
2.8059
2.8513
3.0900
2.8543
3.5210
3.3571
2.6513
3.0895
2.8032
3.1308
2.5602
3.4905
3.0295
4.2789
3.2336
2.7908
2.7757
4.0338
2.9439
2.9829
3.0550
3.2498
2.5640
2.9468
2.8585
3.7236
3.3072
3.1870
3.1258
3.0469
2.3402
3.0404
3.2245
2.3487
2.8881
1.9287
3.8986
2.7797
2.7773
3.0088
2.7739
2.8230
2.5782
3.4537
3.4366
