5.646678508399882 5.298535195996537
-6.641997771567267 6.907022793818257
7.217081858733604 -5.549508499820703
6.493582023674193 -4.817918699394305
-0.02341023354401983 2.1967112830426476
0.42569510360047147 7.160075731392752
1.3956771262945438 -7.984472667952356
-2.323531394425837 0.20954485586816496
-1.834940755449126 0.1092575564498528
0.5819278187122556 7.039283074438021
7.732076419250511 -8.948520165782769
-0.2113348487238671 3.8783538953902497
-0.49900277087234457 2.141456046181398
-1.501004638451568 1.5623117764310503
0.8963985049543641 2.9158922717601925
0.4923348363436393 -5.734466077594437
0.4453879747720819 -0.8689044268735078
-8.316691539569327 2.4182844135808406
-0.9956226735139495 -7.877792374603258
-7.063201067612337 1.4290887530425564
-7.316255748572973 6.753827483322059
0.4022613674871618 -4.164810087163064
6.913695415684472 -7.944416212129255
5.879831029281824 -1.6184100768428706
-4.805176620587121 -5.438739532905993
1.762962744318349 4.426321050066454
4.5969646997622196 -7.369591856931202
5.242097859309977 -0.44613318000620517
-6.103001037704146 5.584413937438283
6.245586288868791 -5.435667294100377
-1.5081802261900235 -0.9717162174168053
6.959943221380538 4.446370900246951
-5.661624183372194 8.637320625245934
1.7834059373802216 -0.26570230978822096
6.929035927400392 -4.492048372267864
-5.850127791044077 -5.301586134795539
-0.17713713412296705 4.645864732672642
-5.557885048413095 4.97744553435906
-5.2678181743980685 9.260672068633763
-5.864595289100838 -7.903123890087131
-0.5488713061745436 1.605889487145138
-6.262775518158914 1.508991766949796
6.78651067001163 -3.9918733433014193
-0.8634179935216579 1.0214447577047174
7.216982768519443 1.2192197898562078
0.7027326824790521 -6.911501378011803
6.993917995679865 4.5649171430074595
6.901780741427995 3.869445109050327
-0.4371604109375049 1.0750398373192542
-6.3227841871917025 -5.115623730856131
5.341132573894301 9.275681383056096
5.836953335598585 4.261252877815041
4.531860463712926 -7.767358888769124
5.92176335643941 -5.428743936701002
7.6162634315263595 -0.5468381354191223
-0.40459864757802144 6.705623029585716
7.66490379936371 -3.700284033750873
-4.9823284277905255 1.9088240362516302
-0.7283130761367786 0.07577792157013441
-6.413535898457427 -5.313215425947006
7.247526461546105 6.80739576954203
8.200153499146602 -1.8259155610596656
-6.4639018898443314 2.4971587532315933
-1.7440904754912951 1.1908082033789906
5.60677323290661 -3.7909593955947107
1.688301715603746 2.4206267966825834
-5.2984113713353675 -2.2787023434773053
-5.90519559447238 -3.6696209276954423
1.1276340032817256 5.3308998207519185
7.153726113383655 -0.6993405891494646
-0.4481615381073176 -0.905780597228544
5.596489742382438 8.405504833844475
-8.148476427671866 -5.908379388304343
-0.1226967369359162 -8.545054090606316
-2.661379848864538 -0.11459982470086594
7.308964419349227 0.6507956438912199
5.996068122182569 8.770648156188248
-6.477801357910819 6.696389967707962
6.31700880697208 -6.3574049356998525
5.916498363718709 7.618402791401557
-5.803262695128996 4.478575390892173
-6.650850519977215 1.1287894574354347
-5.152880344309619 -3.3137828159032123
-0.053111973470906904 -8.766913276820771
-5.3456165435563525 2.8711912781207225
7.176962801987273 -3.1830742528321396
-1.163322844159861 -1.4898473669222474
4.990542066268432 -6.788475990939365
-8.794781124906757 -0.6797245252125546
7.026094244082689 -2.571626148415514
-1.4986594973132688 -6.934920109178771
-1.5669692283510042 -7.5032582302950885
5.978251756061923 7.5376005907415475
4.475168829179328 -5.674573589144008
-5.577083474032247 8.511553626482616
6.659306043401916 -5.361291354504593
-7.944445348995543 -2.155114735076226
7.505872719520351 0.21891882319464884
6.466673782107691 1.09159928158644
5.058965999564087 2.335930665147746
